TITLE	250829-7CB-Delta-1500-34dc-2
DATA TYPE	
ORIGIN	JASCO
OWNER	
DATE	25/08/29
TIME	13:55:29
SPECTROMETER/DATA SYSTEM	JASCO Corp., J-715, Rev. 1.00
RESOLUTION	
DELTAX	-0.1
XUNITS	NANOMETERS
YUNITS	CD[mdeg]
Y2UNITS	HT[V]
FIRSTX	600.0000
LASTX	300.0000
NPOINTS	3001
FIRSTY	11.55329
MAXY	162.21019
MINY	-694.32275
XYDATA
600.0000	11.5533	456.585
599.9000	11.7302	456.572
599.8000	11.9197	456.556
599.7000	11.9822	456.542
599.6000	11.8389	456.527
599.5000	11.6957	456.514
599.4000	11.7425	456.502
599.3000	11.7369	456.49
599.2000	11.758	456.479
599.1000	11.8191	456.467
599.0000	11.896	456.453
598.9000	11.9569	456.437
598.8000	12.1189	456.42
598.7000	12.0562	456.403
598.6000	11.9178	456.384
598.5000	11.8175	456.365
598.4000	11.8167	456.347
598.3000	11.8249	456.326
598.2000	11.6729	456.304
598.1000	11.4141	456.281
598.0000	11.1741	456.257
597.9000	11.0009	456.232
597.8000	10.9123	456.206
597.7000	10.8611	456.179
597.6000	10.7551	456.151
597.5000	10.6512	456.123
597.4000	10.5007	456.092
597.3000	10.2366	456.058
597.2000	9.89026	455.997
597.1000	9.65038	455.904
597.0000	9.47762	455.795
596.9000	9.39807	455.676
596.8000	9.3925	455.549
596.7000	9.43819	455.419
596.6000	9.40433	455.286
596.5000	9.16573	455.154
596.4000	8.94094	455.02
596.3000	8.93772	454.886
596.2000	9.11987	454.752
596.1000	9.3109	454.615
596.0000	9.45705	454.476
595.9000	9.68564	454.34
595.8000	9.94384	454.202
595.7000	10.0433	454.067
595.6000	10.0951	453.931
595.5000	10.2001	453.796
595.4000	10.3148	453.662
595.3000	10.3833	453.531
595.2000	10.4403	453.401
595.1000	10.5083	453.267
595.0000	10.6187	453.13
594.9000	10.6833	452.992
594.8000	10.7998	452.855
594.7000	10.9567	452.718
594.6000	11.0402	452.582
594.5000	11.142	452.391
594.4000	11.2528	452.162
594.3000	11.2815	451.916
594.2000	11.289	451.66
594.1000	11.3221	451.396
594.0000	11.4284	451.129
593.9000	11.5632	450.862
593.8000	11.731	450.614
593.7000	11.9158	450.402
593.6000	12.0352	450.21
593.5000	12.1553	450.025
593.4000	12.2141	449.845
593.3000	12.2703	449.671
593.2000	12.4528	449.5
593.1000	12.7326	449.33
593.0000	13.026	449.16
592.9000	13.1461	448.993
592.8000	13.048	448.826
592.7000	12.9413	448.658
592.6000	12.883	448.493
592.5000	12.7682	448.327
592.4000	12.6082	448.159
592.3000	12.5302	447.989
592.2000	12.4726	447.819
592.1000	12.466	447.649
592.0000	12.3427	447.48
591.9000	12.3041	447.313
591.8000	12.3143	447.116
591.7000	12.3837	446.883
591.6000	12.4773	446.635
591.5000	12.5766	446.378
591.4000	12.5716	446.117
591.3000	12.5199	445.854
591.2000	12.5182	445.588
591.1000	12.4628	445.364
591.0000	12.421	445.184
590.9000	12.4365	445.025
590.8000	12.4592	444.876
590.7000	12.4052	444.733
590.6000	12.4021	444.593
590.5000	12.4281	444.458
590.4000	12.4204	444.322
590.3000	12.3665	444.188
590.2000	12.3597	444.052
590.1000	12.3284	443.917
590.0000	12.2883	443.784
589.9000	12.3256	443.652
589.8000	12.2477	443.522
589.7000	12.1599	443.39
589.6000	12.1059	443.26
589.5000	12.0578	443.127
589.4000	12.1664	442.995
589.3000	12.3746	442.865
589.2000	12.4401	442.678
589.1000	12.5133	442.465
589.0000	12.6078	442.237
588.9000	12.7324	442.001
588.8000	12.8753	441.762
588.7000	13.0103	441.519
588.6000	13.1629	441.273
588.5000	13.4421	441.024
588.4000	13.7725	440.796
588.3000	14.0831	440.607
588.2000	14.215	440.439
588.1000	14.193	440.281
588.0000	14.2041	440.128
587.9000	14.2551	439.978
587.8000	14.257	439.829
587.7000	14.3318	439.681
587.6000	14.3459	439.535
587.5000	14.4036	439.39
587.4000	14.5625	439.244
587.3000	14.8312	439.1
587.2000	14.9708	438.957
587.1000	15.1251	438.815
587.0000	15.271	438.672
586.9000	15.3743	438.527
586.8000	15.5146	438.385
586.7000	15.6171	438.216
586.6000	15.7759	438.014
586.5000	15.9006	437.797
586.4000	16.0855	437.569
586.3000	16.2749	437.339
586.2000	16.3512	437.106
586.1000	16.4403	436.871
586.0000	16.5537	436.635
585.9000	16.6	436.398
585.8000	16.6901	436.207
585.7000	16.7159	436.051
585.6000	16.8154	435.909
585.5000	16.9468	435.777
585.4000	17.0433	435.651
585.3000	17.1137	435.527
585.2000	17.194	435.404
585.1000	17.1834	435.283
585.0000	17.1096	435.163
584.9000	16.9876	435.045
584.8000	17.0101	434.929
584.7000	17.2209	434.812
584.6000	17.4838	434.694
584.5000	17.7403	434.576
584.4000	17.9273	434.459
584.3000	18.0968	434.344
584.2000	18.4051	434.172
584.1000	18.6156	433.968
584.0000	18.7906	433.747
583.9000	18.9141	433.519
583.8000	19.0947	433.285
583.7000	19.2172	433.047
583.6000	19.3429	432.806
583.5000	19.5432	432.566
583.4000	19.6801	432.327
583.3000	19.8831	432.107
583.2000	20.0406	431.923
583.1000	20.1515	431.755
583.0000	20.2688	431.599
582.9000	20.3849	431.447
582.8000	20.5197	431.301
582.7000	20.6491	431.156
582.6000	20.7136	431.014
582.5000	20.7806	430.873
582.4000	20.8464	430.73
582.3000	20.9375	430.587
582.2000	20.9557	430.443
582.1000	20.9193	430.298
582.0000	20.8611	430.152
581.9000	20.854	430.007
581.8000	20.8797	429.836
581.7000	20.9332	429.633
581.6000	21.0264	429.414
581.5000	21.1077	429.184
581.4000	21.1604	428.951
581.3000	21.1627	428.715
581.2000	21.1565	428.478
581.1000	21.1559	428.238
581.0000	21.2542	427.998
580.9000	21.3656	427.756
580.8000	21.4391	427.56
580.7000	21.4925	427.403
580.6000	21.5289	427.265
580.5000	21.5045	427.137
580.4000	21.4379	427.016
580.3000	21.451	426.9
580.2000	21.5227	426.785
580.1000	21.6922	426.669
580.0000	21.8564	426.554
579.9000	21.9455	426.438
579.8000	22.0442	426.322
579.7000	22.1735	426.208
579.6000	22.2344	426.091
579.5000	22.2526	425.974
579.4000	22.2501	425.801
579.3000	22.2438	425.599
579.2000	22.2214	425.384
579.1000	22.2402	425.16
579.0000	22.3407	424.931
578.9000	22.4593	424.698
578.8000	22.5851	424.464
578.7000	22.7031	424.233
578.6000	22.8607	424.003
578.5000	22.9422	423.771
578.4000	23.0139	423.557
578.3000	23.0918	423.383
578.2000	23.168	423.226
578.1000	23.2996	423.08
578.0000	23.4581	422.937
577.9000	23.5643	422.796
577.8000	23.6526	422.656
577.7000	23.7333	422.522
577.6000	23.7737	422.388
577.5000	23.7391	422.256
577.4000	23.7037	422.127
577.3000	23.7398	421.996
577.2000	23.8256	421.864
577.1000	23.9451	421.708
577.0000	24.0909	421.52
576.9000	24.1337	421.317
576.8000	24.1279	421.107
576.7000	24.079	420.893
576.6000	24.0601	420.674
576.5000	24.098	420.455
576.4000	24.1337	420.234
576.3000	24.0969	420.011
576.2000	24.049	419.788
576.1000	24.0343	419.566
576.0000	24.0496	419.385
575.9000	24.1128	419.245
575.8000	24.2922	419.117
575.7000	24.4363	418.998
575.6000	24.4627	418.884
575.5000	24.4122	418.773
575.4000	24.4186	418.663
575.3000	24.4513	418.553
575.2000	24.4299	418.442
575.1000	24.4945	418.332
575.0000	24.5373	418.222
574.9000	24.5224	418.057
574.8000	24.4987	417.858
574.7000	24.523	417.642
574.6000	24.5195	417.419
574.5000	24.5358	417.191
574.4000	24.5886	416.96
574.3000	24.6469	416.726
574.2000	24.695	416.489
574.1000	24.8464	416.252
574.0000	24.9785	416.012
573.9000	25.0416	415.772
573.8000	25.0978	415.533
573.7000	25.1441	415.315
573.6000	25.174	415.129
573.5000	25.285	414.958
573.4000	25.433	414.795
573.3000	25.5629	414.638
573.2000	25.6123	414.485
573.1000	25.6565	414.332
573.0000	25.7692	414.181
572.9000	25.8951	414.032
572.8000	25.9863	413.883
572.7000	26.087	413.734
572.6000	26.2816	413.555
572.5000	26.5185	413.341
572.4000	26.6631	413.11
572.3000	26.7197	412.873
572.2000	26.8111	412.628
572.1000	27.049	412.377
572.0000	27.2537	412.124
571.9000	27.4404	411.87
571.8000	27.6857	411.616
571.7000	27.9193	411.361
571.6000	28.1261	411.109
571.5000	28.3528	410.899
571.4000	28.568	410.728
571.3000	28.7554	410.577
571.2000	28.9547	410.436
571.1000	29.1689	410.297
571.0000	29.3336	410.166
570.9000	29.4811	410.038
570.8000	29.7337	409.912
570.7000	29.9458	409.785
570.6000	30.1258	409.66
570.5000	30.3662	409.487
570.4000	30.5549	409.291
570.3000	30.7225	409.08
570.2000	30.8255	408.864
570.1000	30.8918	408.641
570.0000	30.923	408.415
569.9000	30.9498	408.187
569.8000	31.0705	407.957
569.7000	31.2072	407.728
569.6000	31.3455	407.499
569.5000	31.5131	407.267
569.4000	31.6792	407.035
569.3000	31.8318	406.805
569.2000	31.8598	406.6
569.1000	31.8425	406.435
569.0000	31.8634	406.289
568.9000	31.9995	406.152
568.8000	32.1158	406.023
568.7000	32.1518	405.902
568.6000	32.2226	405.784
568.5000	32.3186	405.669
568.4000	32.4095	405.556
568.3000	32.4403	405.42
568.2000	32.4482	405.254
568.1000	32.4573	405.075
568.0000	32.4596	404.889
567.9000	32.3641	404.699
567.8000	32.3004	404.505
567.7000	32.259	404.314
567.6000	32.2327	404.118
567.5000	32.2995	403.922
567.4000	32.2982	403.725
567.3000	32.3296	403.528
567.2000	32.3553	403.33
567.1000	32.3414	403.174
567.0000	32.3206	403.047
566.9000	32.3363	402.936
566.8000	32.4278	402.828
566.7000	32.5519	402.726
566.6000	32.6755	402.628
566.5000	32.8173	402.533
566.4000	32.9221	402.439
566.3000	33.0323	402.348
566.2000	33.0583	402.204
566.1000	33.0954	402.033
566.0000	33.158	401.851
565.9000	33.2407	401.658
565.8000	33.3841	401.459
565.7000	33.5122	401.254
565.6000	33.6467	401.05
565.5000	33.7405	400.842
565.4000	33.8279	400.634
565.3000	33.9367	400.426
565.2000	33.9796	400.217
565.1000	34.0229	400.006
565.0000	34.064	399.795
564.9000	34.0963	399.601
564.8000	34.2104	399.437
564.7000	34.3663	399.288
564.6000	34.5117	399.147
564.5000	34.7652	399.008
564.4000	34.9583	398.87
564.3000	35.1344	398.737
564.2000	35.3169	398.575
564.1000	35.4418	398.382
564.0000	35.5851	398.173
563.9000	35.5857	397.959
563.8000	35.6147	397.741
563.7000	35.7323	397.519
563.6000	35.8545	397.295
563.5000	36.0107	397.071
563.4000	36.1952	396.845
563.3000	36.396	396.621
563.2000	36.573	396.399
563.1000	36.6665	396.176
563.0000	36.7784	395.953
562.9000	36.8145	395.728
562.8000	36.8428	395.546
562.7000	36.8302	395.403
562.6000	36.8312	395.278
562.5000	36.8598	395.161
562.4000	36.8648	395.046
562.3000	36.8206	394.934
562.2000	36.8141	394.776
562.1000	36.8375	394.594
562.0000	36.9838	394.402
561.9000	37.0999	394.2
561.8000	37.2337	393.993
561.7000	37.3861	393.784
561.6000	37.5151	393.574
561.5000	37.6616	393.363
561.4000	37.7947	393.154
561.3000	37.8745	392.949
561.2000	37.9853	392.743
561.1000	38.0171	392.539
561.0000	38.09	392.336
560.9000	38.1722	392.131
560.8000	38.2321	391.947
560.7000	38.2727	391.798
560.6000	38.2848	391.665
560.5000	38.3798	391.538
560.4000	38.555	391.416
560.3000	38.6777	391.298
560.2000	38.785	391.16
560.1000	38.8314	390.994
560.0000	38.8448	390.814
559.9000	38.8142	390.629
559.8000	38.7657	390.439
559.7000	38.7452	390.247
559.6000	38.8131	390.052
559.5000	38.9144	389.857
559.4000	39.0109	389.66
559.3000	39.0875	389.46
559.2000	39.2045	389.255
559.1000	39.2894	389.051
559.0000	39.4434	388.848
558.9000	39.6642	388.646
558.8000	39.8991	388.482
558.7000	40.0679	388.352
558.6000	40.1943	388.237
558.5000	40.3155	388.13
558.4000	40.468	388.03
558.3000	40.5598	387.933
558.2000	40.7121	387.785
558.1000	40.8774	387.609
558.0000	41.0454	387.417
557.9000	41.1724	387.218
557.8000	41.2657	387.014
557.7000	41.4078	386.805
557.6000	41.601	386.595
557.5000	41.8042	386.383
557.4000	42.0202	386.17
557.3000	42.2178	385.957
557.2000	42.4272	385.745
557.1000	42.6566	385.533
557.0000	42.7932	385.325
556.9000	42.9157	385.115
556.8000	43.0501	384.919
556.7000	43.2117	384.755
556.6000	43.3414	384.606
556.5000	43.4393	384.465
556.4000	43.5536	384.33
556.3000	43.6855	384.172
556.2000	43.7678	383.985
556.1000	43.8809	383.783
556.0000	44.073	383.573
555.9000	44.2629	383.36
555.8000	44.4656	383.145
555.7000	44.6489	382.927
555.6000	44.7628	382.708
555.5000	44.8891	382.488
555.4000	45.0001	382.267
555.3000	45.1106	382.044
555.2000	45.2053	381.82
555.1000	45.2673	381.596
555.0000	45.3126	381.369
554.9000	45.3708	381.143
554.8000	45.4023	380.959
554.7000	45.4768	380.811
554.6000	45.5892	380.681
554.5000	45.7276	380.559
554.4000	45.8485	380.398
554.3000	45.9171	380.221
554.2000	45.9401	380.035
554.1000	45.9154	379.848
554.0000	45.8846	379.66
553.9000	45.94	379.471
553.8000	45.985	379.281
553.7000	46.0083	379.091
553.6000	46.0813	378.899
553.5000	46.1324	378.707
553.4000	46.1786	378.516
553.3000	46.2356	378.328
553.2000	46.323	378.139
553.1000	46.4826	377.95
553.0000	46.6755	377.76
552.9000	46.8716	377.587
552.8000	47.0918	377.449
552.7000	47.2425	377.327
552.6000	47.3551	377.214
552.5000	47.5119	377.086
552.4000	47.6388	376.934
552.3000	47.7202	376.774
552.2000	47.8273	376.609
552.1000	47.8786	376.442
552.0000	47.9035	376.273
551.9000	47.9314	376.103
551.8000	47.9674	375.932
551.7000	48.0348	375.761
551.6000	48.1407	375.59
551.5000	48.2407	375.418
551.4000	48.413	375.246
551.3000	48.5275	375.077
551.2000	48.6022	374.904
551.1000	48.6616	374.732
551.0000	48.7219	374.596
550.9000	48.8431	374.484
550.8000	48.9873	374.387
550.7000	49.1897	374.296
550.6000	49.3994	374.158
550.5000	49.6128	373.995
550.4000	49.8292	373.822
550.3000	50.0081	373.642
550.2000	50.1421	373.458
550.1000	50.2773	373.273
550.0000	50.3831	373.084
549.9000	50.49	372.891
549.8000	50.6179	372.699
549.7000	50.7579	372.506
549.6000	50.9318	372.315
549.5000	51.1101	372.122
549.4000	51.249	371.931
549.3000	51.3775	371.742
549.2000	51.4961	371.551
549.1000	51.607	371.377
549.0000	51.731	371.232
548.9000	51.8746	371.098
548.8000	52.0171	370.95
548.7000	52.2197	370.783
548.6000	52.4181	370.605
548.5000	52.5905	370.422
548.4000	52.7007	370.236
548.3000	52.8093	370.049
548.2000	52.8921	369.863
548.1000	52.9624	369.676
548.0000	52.9953	369.488
547.9000	53.0544	369.301
547.8000	53.1287	369.113
547.7000	53.2173	368.923
547.6000	53.3505	368.733
547.5000	53.4692	368.544
547.4000	53.5453	368.352
547.3000	53.5397	368.158
547.2000	53.56	368.002
547.1000	53.5031	367.882
547.0000	53.4378	367.731
546.9000	53.4044	367.571
546.8000	53.395	367.403
546.7000	53.4201	367.231
546.6000	53.4941	367.057
546.5000	53.583	366.882
546.4000	53.6933	366.705
546.3000	53.7694	366.528
546.2000	53.797	366.348
546.1000	53.8053	366.168
546.0000	53.8118	365.987
545.9000	53.8308	365.807
545.8000	53.8913	365.629
545.7000	53.9662	365.453
545.6000	54.029	365.276
545.5000	54.0943	365.099
545.4000	54.1553	364.939
545.3000	54.1858	364.805
545.2000	54.2276	364.667
545.1000	54.2594	364.518
545.0000	54.3822	364.362
544.9000	54.473	364.202
544.8000	54.5705	364.037
544.7000	54.644	363.873
544.6000	54.6904	363.707
544.5000	54.6886	363.541
544.4000	54.6901	363.372
544.3000	54.6586	363.204
544.2000	54.6237	363.036
544.1000	54.6157	362.869
544.0000	54.6687	362.701
543.9000	54.8018	362.532
543.8000	54.9037	362.36
543.7000	55.006	362.188
543.6000	55.1029	362.053
543.5000	55.2119	361.889
543.4000	55.315	361.712
543.3000	55.4088	361.532
543.2000	55.5036	361.351
543.1000	55.6362	361.17
543.0000	55.7826	360.992
542.9000	55.9264	360.815
542.8000	55.9914	360.639
542.7000	56.0572	360.465
542.6000	56.1485	360.29
542.5000	56.225	360.114
542.4000	56.3087	359.937
542.3000	56.397	359.759
542.2000	56.4957	359.582
542.1000	56.5763	359.407
542.0000	56.6496	359.231
541.9000	56.6521	359.059
541.8000	56.6508	358.903
541.7000	56.7191	358.749
541.6000	56.7837	358.579
541.5000	56.8773	358.405
541.4000	56.9728	358.23
541.3000	57.0749	358.055
541.2000	57.2024	357.879
541.1000	57.3504	357.703
541.0000	57.5378	357.529
540.9000	57.7411	357.356
540.8000	57.922	357.183
540.7000	58.0813	357.013
540.6000	58.2336	356.845
540.5000	58.3741	356.679
540.4000	58.541	356.514
540.3000	58.7033	356.351
540.2000	58.8465	356.188
540.1000	58.9862	356.07
540.0000	59.1286	355.948
539.9000	59.2791	355.819
539.8000	59.4251	355.69
539.7000	59.5222	355.56
539.6000	59.5983	355.426
539.5000	59.6091	355.29
539.4000	59.7178	355.151
539.3000	59.8338	355.01
539.2000	59.9565	354.868
539.1000	60.0665	354.725
539.0000	60.1273	354.582
538.9000	60.1586	354.439
538.8000	60.1891	354.292
538.7000	60.1951	354.146
538.6000	60.241	353.998
538.5000	60.3997	353.848
538.4000	60.5228	353.697
538.3000	60.6242	353.56
538.2000	60.7165	353.437
538.1000	60.7719	353.303
538.0000	60.8282	353.165
537.9000	60.9216	353.029
537.8000	61.0143	352.891
537.7000	61.0822	352.754
537.6000	61.1068	352.614
537.5000	61.1501	352.473
537.4000	61.1934	352.333
537.3000	61.2579	352.19
537.2000	61.2855	352.042
537.1000	61.3301	351.894
537.0000	61.3545	351.745
536.9000	61.4269	351.594
536.8000	61.5343	351.443
536.7000	61.5801	351.292
536.6000	61.6143	351.167
536.5000	61.6937	351.021
536.4000	61.7773	350.857
536.3000	61.8713	350.689
536.2000	61.929	350.52
536.1000	62.0189	350.351
536.0000	62.0813	350.168
535.9000	62.1588	349.983
535.8000	62.2228	349.799
535.7000	62.3199	349.617
535.6000	62.4525	349.434
535.5000	62.5957	349.25
535.4000	62.7402	349.067
535.3000	62.9134	348.882
535.2000	63.1224	348.699
535.1000	63.2724	348.518
535.0000	63.4095	348.336
534.9000	63.5629	348.153
534.8000	63.6984	347.975
534.7000	63.8695	347.806
534.6000	64.0509	347.642
534.5000	64.2124	347.462
534.4000	64.3755	347.278
534.3000	64.5451	347.09
534.2000	64.704	346.904
534.1000	64.8077	346.718
534.0000	64.9071	346.531
533.9000	65.0088	346.35
533.8000	65.1268	346.173
533.7000	65.2067	345.995
533.6000	65.2359	345.82
533.5000	65.2763	345.647
533.4000	65.3389	345.475
533.3000	65.46	345.302
533.2000	65.5895	345.13
533.1000	65.6927	344.975
533.0000	65.7881	344.831
532.9000	65.8685	344.692
532.8000	65.9808	344.554
532.7000	66.0924	344.416
532.6000	66.1989	344.29
532.5000	66.2711	344.168
532.4000	66.3372	344.048
532.3000	66.3934	343.926
532.2000	66.4571	343.806
532.1000	66.4976	343.684
532.0000	66.5199	343.562
531.9000	66.5652	343.441
531.8000	66.5818	343.319
531.7000	66.61	343.197
531.6000	66.6846	343.074
531.5000	66.7408	342.951
531.4000	66.7914	342.818
531.3000	66.828	342.682
531.2000	66.8481	342.545
531.1000	66.8905	342.42
531.0000	66.9354	342.299
530.9000	67.0135	342.175
530.8000	67.1292	342.051
530.7000	67.326	341.924
530.6000	67.5297	341.797
530.5000	67.7163	341.667
530.4000	67.9075	341.534
530.3000	68.0838	341.402
530.2000	68.2763	341.267
530.1000	68.4239	341.132
530.0000	68.5448	340.996
529.9000	68.6796	340.861
529.8000	68.8257	340.727
529.7000	68.9498	340.569
529.6000	69.0651	340.414
529.5000	69.2057	340.26
529.4000	69.3572	340.107
529.3000	69.5503	339.955
529.2000	69.7312	339.804
529.1000	69.9393	339.654
529.0000	70.129	339.507
528.9000	70.2953	339.362
528.8000	70.4407	339.218
528.7000	70.5997	339.076
528.6000	70.7327	338.935
528.5000	70.8564	338.796
528.4000	70.9944	338.657
528.3000	71.1349	338.519
528.2000	71.2687	338.382
528.1000	71.4175	338.245
528.0000	71.5569	338.102
527.9000	71.6889	337.96
527.8000	71.8568	337.819
527.7000	71.9801	337.678
527.6000	72.0827	337.539
527.5000	72.2221	337.404
527.4000	72.3478	337.273
527.3000	72.413	337.146
527.2000	72.4709	337.021
527.1000	72.536	336.894
527.0000	72.5957	336.768
526.9000	72.6528	336.641
526.8000	72.741	336.514
526.7000	72.838	336.388
526.6000	72.9259	336.262
526.5000	72.996	336.136
526.4000	73.0644	336.007
526.3000	73.1339	335.881
526.2000	73.1931	335.763
526.1000	73.256	335.646
526.0000	73.3453	335.527
525.9000	73.395	335.408
525.8000	73.4493	335.288
525.7000	73.5177	335.166
525.6000	73.6218	335.042
525.5000	73.7362	334.92
525.4000	73.861	334.798
525.3000	73.9892	334.676
525.2000	74.1391	334.556
525.1000	74.2664	334.434
525.0000	74.4229	334.311
524.9000	74.5868	334.188
524.8000	74.7183	334.064
524.7000	74.8253	333.925
524.6000	74.9479	333.782
524.5000	75.078	333.656
524.4000	75.1942	333.536
524.3000	75.3232	333.419
524.2000	75.4624	333.303
524.1000	75.5384	333.187
524.0000	75.6436	333.07
523.9000	75.7868	332.95
523.8000	75.9234	332.832
523.7000	76.0385	332.715
523.6000	76.1096	332.596
523.5000	76.1723	332.479
523.4000	76.2362	332.364
523.3000	76.3289	332.249
523.2000	76.4291	332.135
523.1000	76.5615	332.02
523.0000	76.6978	331.863
522.9000	76.8544	331.716
522.8000	77.0478	331.58
522.7000	77.2292	331.445
522.6000	77.3689	331.313
522.5000	77.4905	331.179
522.4000	77.6133	331.047
522.3000	77.7257	330.916
522.2000	77.8148	330.784
522.1000	77.9119	330.652
522.0000	78.0019	330.518
521.9000	78.1114	330.379
521.8000	78.2141	330.241
521.7000	78.3182	330.103
521.6000	78.4058	329.967
521.5000	78.5091	329.831
521.4000	78.6598	329.683
521.3000	78.8407	329.526
521.2000	78.9913	329.379
521.1000	79.1288	329.239
521.0000	79.2724	329.101
520.9000	79.4383	328.964
520.8000	79.6048	328.827
520.7000	79.7817	328.69
520.6000	79.9265	328.556
520.5000	80.0661	328.424
520.4000	80.2189	328.292
520.3000	80.3666	328.157
520.2000	80.514	328.023
520.1000	80.6598	327.889
520.0000	80.7986	327.757
519.9000	80.9413	327.624
519.8000	81.1097	327.465
519.7000	81.2657	327.293
519.6000	81.4269	327.151
519.5000	81.5786	327.023
519.4000	81.6885	326.905
519.3000	81.7889	326.792
519.2000	81.8671	326.68
519.1000	81.9293	326.569
519.0000	82	326.461
518.9000	82.0948	326.356
518.8000	82.2036	326.251
518.7000	82.3216	326.146
518.6000	82.4353	326.044
518.5000	82.5503	325.941
518.4000	82.6672	325.839
518.3000	82.7889	325.74
518.2000	82.9107	325.641
518.1000	83.0177	325.531
518.0000	83.0967	325.414
517.9000	83.1712	325.308
517.8000	83.2718	325.206
517.7000	83.3762	325.104
517.6000	83.4804	325.003
517.5000	83.5964	324.902
517.4000	83.7215	324.804
517.3000	83.8228	324.707
517.2000	83.9171	324.612
517.1000	83.9866	324.517
517.0000	84.0103	324.422
516.9000	84.0545	324.327
516.8000	84.1326	324.23
516.7000	84.2279	324.131
516.6000	84.3206	324.034
516.5000	84.4309	323.902
516.4000	84.5404	323.771
516.3000	84.65	323.648
516.2000	84.7358	323.528
516.1000	84.7861	323.409
516.0000	84.8747	323.292
515.9000	84.9949	323.175
515.8000	85.1464	323.056
515.7000	85.3226	322.936
515.6000	85.4825	322.816
515.5000	85.6176	322.696
515.4000	85.7519	322.577
515.3000	85.8711	322.458
515.2000	85.994	322.338
515.1000	86.1163	322.221
515.0000	86.2542	322.101
514.9000	86.4147	321.968
514.8000	86.588	321.819
514.7000	86.7286	321.671
514.6000	86.8427	321.536
514.5000	86.9302	321.409
514.4000	87.0055	321.287
514.3000	87.086	321.168
514.2000	87.145	321.05
514.1000	87.185	320.935
514.0000	87.218	320.817
513.9000	87.2694	320.698
513.8000	87.339	320.581
513.7000	87.4068	320.464
513.6000	87.4993	320.348
513.5000	87.6201	320.232
513.4000	87.7325	320.118
513.3000	87.8743	319.982
513.2000	88.0674	319.836
513.1000	88.2354	319.712
513.0000	88.3688	319.605
512.9000	88.496	319.505
512.8000	88.6399	319.409
512.7000	88.8067	319.313
512.6000	88.9593	319.218
512.5000	89.1044	319.125
512.4000	89.238	319.037
512.3000	89.3582	318.952
512.2000	89.5115	318.868
512.1000	89.6795	318.781
512.0000	89.8375	318.696
511.9000	90.0006	318.61
511.8000	90.1721	318.525
511.7000	90.3351	318.426
511.6000	90.508	318.315
511.5000	90.6707	318.204
511.4000	90.8203	318.11
511.3000	90.9707	318.022
511.2000	91.1247	317.936
511.1000	91.2575	317.852
511.0000	91.3936	317.769
510.9000	91.5213	317.685
510.8000	91.6585	317.602
510.7000	91.7891	317.517
510.6000	91.9102	317.432
510.5000	92.0491	317.35
510.4000	92.1692	317.267
510.3000	92.3114	317.182
510.2000	92.4622	317.097
510.1000	92.6012	316.979
510.0000	92.7806	316.846
509.9000	92.9541	316.722
509.8000	93.0994	316.612
509.7000	93.2308	316.507
509.6000	93.3465	316.405
509.5000	93.4591	316.305
509.4000	93.5488	316.206
509.3000	93.6398	316.108
509.2000	93.7404	316.011
509.1000	93.829	315.914
509.0000	93.9142	315.815
508.9000	94.0335	315.714
508.8000	94.1399	315.611
508.7000	94.2355	315.509
508.6000	94.3575	315.407
508.5000	94.4947	315.292
508.4000	94.6329	315.161
508.3000	94.765	315.033
508.2000	94.8569	314.917
508.1000	94.9566	314.808
508.0000	95.0512	314.702
507.9000	95.1318	314.597
507.8000	95.2294	314.49
507.7000	95.3607	314.384
507.6000	95.4874	314.279
507.5000	95.6286	314.174
507.4000	95.7689	314.069
507.3000	95.9319	313.963
507.2000	96.0936	313.856
507.1000	96.2306	313.75
507.0000	96.3778	313.621
506.9000	96.5283	313.483
506.8000	96.6977	313.339
506.7000	96.8745	313.217
506.6000	96.9988	313.109
506.5000	97.1154	313.007
506.4000	97.2235	312.908
506.3000	97.3271	312.811
506.2000	97.4429	312.713
506.1000	97.5697	312.615
506.0000	97.7133	312.517
505.9000	97.8573	312.421
505.8000	97.9953	312.325
505.7000	98.1348	312.229
505.6000	98.2747	312.131
505.5000	98.4128	312.033
505.4000	98.5573	311.923
505.3000	98.6966	311.802
505.2000	98.812	311.675
505.1000	98.9144	311.556
505.0000	98.9825	311.451
504.9000	99.068	311.351
504.8000	99.1997	311.251
504.7000	99.3038	311.153
504.6000	99.4053	311.056
504.5000	99.524	310.959
504.4000	99.6433	310.863
504.3000	99.7669	310.767
504.2000	99.8901	310.673
504.1000	100.009	310.582
504.0000	100.143	310.491
503.9000	100.257	310.374
503.8000	100.389	310.244
503.7000	100.524	310.109
503.6000	100.672	309.992
503.5000	100.795	309.885
503.4000	100.882	309.785
503.3000	100.95	309.69
503.2000	101.06	309.601
503.1000	101.134	309.514
503.0000	101.198	309.427
502.9000	101.277	309.342
502.8000	101.38	309.256
502.7000	101.482	309.17
502.6000	101.597	309.085
502.5000	101.71	309.002
502.4000	101.829	308.921
502.3000	101.933	308.831
502.2000	102.041	308.729
502.1000	102.153	308.621
502.0000	102.25	308.52
501.9000	102.333	308.43
501.8000	102.429	308.344
501.7000	102.539	308.261
501.6000	102.673	308.18
501.5000	102.784	308.098
501.4000	102.877	308.019
501.3000	102.989	307.944
501.2000	103.102	307.872
501.1000	103.199	307.802
501.0000	103.291	307.729
500.9000	103.371	307.653
500.8000	103.463	307.556
500.7000	103.584	307.445
500.6000	103.693	307.329
500.5000	103.835	307.235
500.4000	103.967	307.152
500.3000	104.099	307.072
500.2000	104.206	306.994
500.1000	104.333	306.918
500.0000	104.464	306.84
499.9000	104.612	306.762
499.8000	104.752	306.68
499.7000	104.921	306.597
499.6000	105.08	306.515
499.5000	105.226	306.433
499.4000	105.357	306.35
499.3000	105.481	306.258
499.2000	105.613	306.151
499.1000	105.74	306.037
499.0000	105.851	305.918
498.9000	105.984	305.803
498.8000	106.108	305.701
498.7000	106.21	305.603
498.6000	106.313	305.507
498.5000	106.407	305.414
498.4000	106.495	305.324
498.3000	106.58	305.233
498.2000	106.651	305.143
498.1000	106.742	305.052
498.0000	106.831	304.961
497.9000	106.909	304.868
497.8000	107	304.772
497.7000	107.126	304.65
497.6000	107.258	304.513
497.5000	107.391	304.372
497.4000	107.494	304.244
497.3000	107.582	304.131
497.2000	107.675	304.02
497.1000	107.754	303.907
497.0000	107.837	303.794
496.9000	107.944	303.68
496.8000	108.084	303.564
496.7000	108.208	303.447
496.6000	108.342	303.33
496.5000	108.459	303.21
496.4000	108.57	303.088
496.3000	108.684	302.966
496.2000	108.785	302.833
496.1000	108.895	302.688
496.0000	108.989	302.534
495.9000	109.084	302.385
495.8000	109.156	302.244
495.7000	109.221	302.108
495.6000	109.299	301.973
495.5000	109.391	301.837
495.4000	109.473	301.697
495.3000	109.54	301.554
495.2000	109.593	301.407
495.1000	109.662	301.256
495.0000	109.713	301.102
494.9000	109.761	300.944
494.8000	109.801	300.78
494.7000	109.826	300.595
494.6000	109.861	300.393
494.5000	109.923	300.179
494.4000	110	299.955
494.3000	110.066	299.748
494.2000	110.121	299.548
494.1000	110.189	299.35
494.0000	110.274	299.153
493.9000	110.356	298.956
493.8000	110.418	298.761
493.7000	110.487	298.568
493.6000	110.575	298.374
493.5000	110.652	298.178
493.4000	110.723	297.984
493.3000	110.793	297.789
493.2000	110.845	297.59
493.1000	110.917	297.384
493.0000	110.997	297.176
492.9000	111.072	296.97
492.8000	111.148	296.776
492.7000	111.226	296.604
492.6000	111.303	296.448
492.5000	111.396	296.303
492.4000	111.499	296.17
492.3000	111.585	296.051
492.2000	111.635	295.947
492.1000	111.664	295.858
492.0000	111.707	295.783
491.9000	111.779	295.721
491.8000	111.848	295.671
491.7000	111.92	295.611
491.6000	112.01	295.55
491.5000	112.099	295.494
491.4000	112.191	295.446
491.3000	112.282	295.417
491.2000	112.373	295.408
491.1000	112.453	295.416
491.0000	112.526	295.435
490.9000	112.594	295.465
490.8000	112.661	295.501
490.7000	112.715	295.545
490.6000	112.74	295.594
490.5000	112.771	295.648
490.4000	112.818	295.693
490.3000	112.872	295.732
490.2000	112.893	295.767
490.1000	112.893	295.803
490.0000	112.884	295.84
489.9000	112.875	295.878
489.8000	112.876	295.921
489.7000	112.891	295.975
489.6000	112.897	296.034
489.5000	112.895	296.094
489.4000	112.906	296.152
489.3000	112.93	296.208
489.2000	112.951	296.257
489.1000	112.953	296.281
489.0000	112.94	296.285
488.9000	112.959	296.275
488.8000	113.034	296.251
488.7000	113.11	296.217
488.6000	113.175	296.173
488.5000	113.244	296.12
488.4000	113.31	296.057
488.3000	113.372	296.009
488.2000	113.452	295.967
488.1000	113.546	295.925
488.0000	113.659	295.881
487.9000	113.78	295.833
487.8000	113.893	295.775
487.7000	113.984	295.702
487.6000	114.054	295.621
487.5000	114.115	295.536
487.4000	114.201	295.447
487.3000	114.286	295.353
487.2000	114.382	295.255
487.1000	114.471	295.155
487.0000	114.544	295.059
486.9000	114.591	294.973
486.8000	114.646	294.889
486.7000	114.72	294.804
486.6000	114.799	294.719
486.5000	114.887	294.635
486.4000	114.998	294.528
486.3000	115.096	294.407
486.2000	115.185	294.273
486.1000	115.263	294.13
486.0000	115.327	293.98
485.9000	115.396	293.825
485.8000	115.483	293.663
485.7000	115.586	293.512
485.6000	115.704	293.367
485.5000	115.803	293.225
485.4000	115.89	293.083
485.3000	115.985	292.938
485.2000	116.098	292.788
485.1000	116.199	292.635
485.0000	116.305	292.479
484.9000	116.413	292.311
484.8000	116.524	292.132
484.7000	116.613	291.947
484.6000	116.691	291.756
484.5000	116.765	291.565
484.4000	116.853	291.381
484.3000	116.939	291.209
484.2000	117.051	291.043
484.1000	117.145	290.879
484.0000	117.219	290.714
483.9000	117.307	290.551
483.8000	117.41	290.389
483.7000	117.509	290.231
483.6000	117.628	290.074
483.5000	117.755	289.919
483.4000	117.883	289.765
483.3000	118.007	289.598
483.2000	118.129	289.424
483.1000	118.231	289.245
483.0000	118.325	289.084
482.9000	118.429	288.933
482.8000	118.554	288.792
482.7000	118.677	288.655
482.6000	118.811	288.526
482.5000	118.945	288.405
482.4000	119.074	288.292
482.3000	119.196	288.186
482.2000	119.306	288.088
482.1000	119.422	287.998
482.0000	119.519	287.917
481.9000	119.602	287.849
481.8000	119.647	287.793
481.7000	119.68	287.749
481.6000	119.699	287.715
481.5000	119.72	287.695
481.4000	119.736	287.699
481.3000	119.748	287.714
481.2000	119.779	287.743
481.1000	119.801	287.773
481.0000	119.839	287.817
480.9000	119.901	287.867
480.8000	119.962	287.92
480.7000	120.02	287.979
480.6000	120.069	288.044
480.5000	120.086	288.119
480.4000	120.099	288.194
480.3000	120.156	288.274
480.2000	120.197	288.355
480.1000	120.249	288.437
480.0000	120.292	288.522
479.9000	120.311	288.627
479.8000	120.307	288.747
479.7000	120.296	288.88
479.6000	120.294	289.018
479.5000	120.259	289.163
479.4000	120.209	289.312
479.3000	120.181	289.461
479.2000	120.158	289.608
479.1000	120.143	289.753
479.0000	120.111	289.9
478.9000	120.075	290.045
478.8000	120.022	290.182
478.7000	119.965	290.315
478.6000	119.932	290.447
478.5000	119.896	290.573
478.4000	119.882	290.689
478.3000	119.888	290.793
478.2000	119.911	290.887
478.1000	119.939	290.979
478.0000	119.968	291.061
477.9000	120.001	291.139
477.8000	120.011	291.203
477.7000	120.029	291.268
477.6000	120.028	291.32
477.5000	119.993	291.359
477.4000	119.955	291.397
477.3000	119.948	291.428
477.2000	119.941	291.448
477.1000	119.973	291.458
477.0000	120.015	291.465
476.9000	120.029	291.463
476.8000	120.053	291.46
476.7000	120.068	291.453
476.6000	120.087	291.44
476.5000	120.15	291.415
476.4000	120.233	291.379
476.3000	120.332	291.335
476.2000	120.417	291.276
476.1000	120.495	291.21
476.0000	120.564	291.131
475.9000	120.6	291.049
475.8000	120.627	290.955
475.7000	120.618	290.843
475.6000	120.611	290.705
475.5000	120.609	290.548
475.4000	120.626	290.367
475.3000	120.689	290.167
475.2000	120.774	289.945
475.1000	120.875	289.71
475.0000	121.004	289.463
474.9000	121.137	289.208
474.8000	121.269	288.947
474.7000	121.401	288.678
474.6000	121.536	288.411
474.5000	121.663	288.146
474.4000	121.784	287.899
474.3000	121.917	287.661
474.2000	122.05	287.447
474.1000	122.172	287.26
474.0000	122.277	287.093
473.9000	122.371	286.956
473.8000	122.466	286.842
473.7000	122.52	286.744
473.6000	122.544	286.659
473.5000	122.574	286.585
473.4000	122.594	286.521
473.3000	122.609	286.46
473.2000	122.643	286.398
473.1000	122.658	286.33
473.0000	122.658	286.261
472.9000	122.673	286.189
472.8000	122.691	286.125
472.7000	122.715	286.062
472.6000	122.759	286.003
472.5000	122.815	285.943
472.4000	122.884	285.892
472.3000	122.984	285.855
472.2000	123.078	285.832
472.1000	123.162	285.824
472.0000	123.242	285.836
471.9000	123.295	285.861
471.8000	123.295	285.9
471.7000	123.298	285.948
471.6000	123.293	286.003
471.5000	123.27	286.062
471.4000	123.26	286.122
471.3000	123.265	286.182
471.2000	123.257	286.237
471.1000	123.243	286.267
471.0000	123.228	286.273
470.9000	123.211	286.253
470.8000	123.201	286.208
470.7000	123.223	286.133
470.6000	123.262	286.031
470.5000	123.306	285.901
470.4000	123.372	285.745
470.3000	123.444	285.566
470.2000	123.538	285.361
470.1000	123.642	285.133
470.0000	123.749	284.89
469.9000	123.869	284.637
469.8000	123.98	284.38
469.7000	124.096	284.127
469.6000	124.233	283.88
469.5000	124.37	283.636
469.4000	124.511	283.38
469.3000	124.667	283.118
469.2000	124.818	282.857
469.1000	124.975	282.603
469.0000	125.132	282.358
468.9000	125.303	282.124
468.8000	125.5	281.904
468.7000	125.709	281.689
468.6000	125.907	281.482
468.5000	126.104	281.291
468.4000	126.294	281.117
468.3000	126.465	280.962
468.2000	126.615	280.826
468.1000	126.75	280.71
468.0000	126.873	280.594
467.9000	126.96	280.489
467.8000	127.052	280.399
467.7000	127.149	280.337
467.6000	127.238	280.301
467.5000	127.318	280.283
467.4000	127.396	280.284
467.3000	127.453	280.291
467.2000	127.5	280.304
467.1000	127.53	280.324
467.0000	127.542	280.35
466.9000	127.568	280.384
466.8000	127.6	280.433
466.7000	127.616	280.502
466.6000	127.612	280.568
466.5000	127.625	280.638
466.4000	127.639	280.714
466.3000	127.62	280.792
466.2000	127.571	280.874
466.1000	127.506	280.959
466.0000	127.451	281.059
465.9000	127.395	281.161
465.8000	127.316	281.257
465.7000	127.23	281.346
465.6000	127.142	281.428
465.5000	127.047	281.501
465.4000	126.937	281.563
465.3000	126.827	281.619
465.2000	126.74	281.655
465.1000	126.657	281.672
465.0000	126.604	281.672
464.9000	126.56	281.654
464.8000	126.508	281.62
464.7000	126.474	281.57
464.6000	126.452	281.512
464.5000	126.445	281.44
464.4000	126.469	281.356
464.3000	126.51	281.261
464.2000	126.559	281.158
464.1000	126.611	281.046
464.0000	126.666	280.927
463.9000	126.724	280.794
463.8000	126.797	280.659
463.7000	126.884	280.524
463.6000	126.977	280.389
463.5000	127.069	280.257
463.4000	127.152	280.128
463.3000	127.224	279.999
463.2000	127.301	279.881
463.1000	127.356	279.772
463.0000	127.386	279.668
462.9000	127.448	279.57
462.8000	127.52	279.48
462.7000	127.591	279.396
462.6000	127.644	279.304
462.5000	127.702	279.216
462.4000	127.798	279.14
462.3000	127.899	279.071
462.2000	127.983	279.011
462.1000	128.03	278.957
462.0000	128.069	278.911
461.9000	128.096	278.863
461.8000	128.121	278.825
461.7000	128.132	278.797
461.6000	128.142	278.775
461.5000	128.18	278.757
461.4000	128.229	278.747
461.3000	128.282	278.743
461.2000	128.329	278.75
461.1000	128.374	278.768
461.0000	128.376	278.78
460.9000	128.337	278.789
460.8000	128.307	278.795
460.7000	128.297	278.797
460.6000	128.274	278.794
460.5000	128.262	278.802
460.4000	128.229	278.813
460.3000	128.191	278.824
460.2000	128.142	278.831
460.1000	128.088	278.831
460.0000	128.036	278.825
459.9000	128.013	278.809
459.8000	128.013	278.785
459.7000	128.012	278.754
459.6000	127.994	278.718
459.5000	127.982	278.676
459.4000	127.979	278.629
459.3000	127.989	278.58
459.2000	128.004	278.542
459.1000	127.996	278.511
459.0000	127.978	278.483
458.9000	127.963	278.457
458.8000	127.963	278.422
458.7000	127.989	278.381
458.6000	128.035	278.338
458.5000	128.087	278.3
458.4000	128.126	278.269
458.3000	128.168	278.239
458.2000	128.208	278.214
458.1000	128.218	278.192
458.0000	128.218	278.172
457.9000	128.212	278.152
457.8000	128.207	278.134
457.7000	128.208	278.12
457.6000	128.202	278.122
457.5000	128.21	278.129
457.4000	128.218	278.139
457.3000	128.207	278.153
457.2000	128.192	278.166
457.1000	128.181	278.181
457.0000	128.174	278.198
456.9000	128.17	278.22
456.8000	128.158	278.245
456.7000	128.142	278.271
456.6000	128.129	278.301
456.5000	128.11	278.341
456.4000	128.073	278.394
456.3000	128.026	278.453
456.2000	128.02	278.504
456.1000	128.006	278.551
456.0000	127.976	278.597
455.9000	127.933	278.642
455.8000	127.875	278.685
455.7000	127.831	278.724
455.6000	127.786	278.759
455.5000	127.733	278.788
455.4000	127.675	278.822
455.3000	127.615	278.859
455.2000	127.549	278.895
455.1000	127.479	278.929
455.0000	127.399	278.961
454.9000	127.313	278.982
454.8000	127.223	278.988
454.7000	127.117	278.982
454.6000	127.012	278.964
454.5000	126.911	278.931
454.4000	126.821	278.884
454.3000	126.73	278.824
454.2000	126.644	278.753
454.1000	126.585	278.675
454.0000	126.522	278.595
453.9000	126.481	278.51
453.8000	126.457	278.425
453.7000	126.41	278.344
453.6000	126.368	278.266
453.5000	126.326	278.181
453.4000	126.301	278.095
453.3000	126.288	278.012
453.2000	126.27	277.932
453.1000	126.238	277.854
453.0000	126.185	277.778
452.9000	126.129	277.699
452.8000	126.07	277.626
452.7000	126.006	277.549
452.6000	125.938	277.463
452.5000	125.874	277.367
452.4000	125.828	277.257
452.3000	125.773	277.135
452.2000	125.723	276.994
452.1000	125.661	276.833
452.0000	125.617	276.661
451.9000	125.571	276.48
451.8000	125.533	276.296
451.7000	125.511	276.112
451.6000	125.525	275.931
451.5000	125.553	275.763
451.4000	125.565	275.62
451.3000	125.597	275.5
451.2000	125.634	275.409
451.1000	125.667	275.345
451.0000	125.687	275.297
450.9000	125.699	275.269
450.8000	125.713	275.264
450.7000	125.697	275.278
450.6000	125.671	275.311
450.5000	125.618	275.359
450.4000	125.557	275.416
450.3000	125.48	275.478
450.2000	125.372	275.543
450.1000	125.257	275.618
450.0000	125.128	275.698
449.9000	124.991	275.771
449.8000	124.867	275.836
449.7000	124.744	275.896
449.6000	124.649	275.952
449.5000	124.568	276.009
449.4000	124.468	276.071
449.3000	124.363	276.142
449.2000	124.269	276.224
449.1000	124.173	276.317
449.0000	124.074	276.425
448.9000	123.972	276.533
448.8000	123.846	276.655
448.7000	123.714	276.794
448.6000	123.589	276.945
448.5000	123.462	277.107
448.4000	123.302	277.275
448.3000	123.127	277.447
448.2000	122.935	277.617
448.1000	122.743	277.78
448.0000	122.554	277.934
447.9000	122.361	278.07
447.8000	122.162	278.182
447.7000	121.96	278.275
447.6000	121.751	278.356
447.5000	121.565	278.424
447.4000	121.397	278.479
447.3000	121.255	278.521
447.2000	121.12	278.552
447.1000	120.978	278.573
447.0000	120.826	278.583
446.9000	120.678	278.588
446.8000	120.543	278.575
446.7000	120.414	278.549
446.6000	120.293	278.516
446.5000	120.188	278.484
446.4000	120.092	278.453
446.3000	120.008	278.423
446.2000	119.924	278.395
446.1000	119.84	278.365
446.0000	119.774	278.334
445.9000	119.703	278.295
445.8000	119.638	278.249
445.7000	119.582	278.201
445.6000	119.516	278.151
445.5000	119.444	278.11
445.4000	119.377	278.076
445.3000	119.311	278.044
445.2000	119.235	278.014
445.1000	119.158	277.984
445.0000	119.078	277.953
444.9000	119.001	277.909
444.8000	118.919	277.859
444.7000	118.837	277.807
444.6000	118.746	277.753
444.5000	118.648	277.703
444.4000	118.547	277.661
444.3000	118.447	277.624
444.2000	118.351	277.589
444.1000	118.241	277.556
444.0000	118.118	277.524
443.9000	117.972	277.484
443.8000	117.84	277.436
443.7000	117.737	277.384
443.6000	117.647	277.328
443.5000	117.567	277.268
443.4000	117.507	277.218
443.3000	117.442	277.178
443.2000	117.363	277.142
443.1000	117.271	277.109
443.0000	117.169	277.067
442.9000	117.043	277.021
442.8000	116.915	276.974
442.7000	116.787	276.927
442.6000	116.654	276.882
442.5000	116.523	276.84
442.4000	116.377	276.805
442.3000	116.202	276.773
442.2000	116.039	276.742
442.1000	115.876	276.713
442.0000	115.717	276.678
441.9000	115.562	276.639
441.8000	115.412	276.598
441.7000	115.262	276.558
441.6000	115.142	276.521
441.5000	115.03	276.496
441.4000	114.917	276.477
441.3000	114.787	276.459
441.2000	114.654	276.441
441.1000	114.535	276.412
441.0000	114.43	276.372
440.9000	114.321	276.325
440.8000	114.229	276.274
440.7000	114.131	276.22
440.6000	114.021	276.165
440.5000	113.915	276.118
440.4000	113.798	276.08
440.3000	113.656	276.047
440.2000	113.516	276.017
440.1000	113.368	275.982
440.0000	113.204	275.941
439.9000	113.042	275.896
439.8000	112.904	275.848
439.7000	112.776	275.795
439.6000	112.626	275.75
439.5000	112.494	275.71
439.4000	112.358	275.672
439.3000	112.216	275.637
439.2000	112.087	275.592
439.1000	111.965	275.541
439.0000	111.851	275.488
438.9000	111.738	275.434
438.8000	111.634	275.382
438.7000	111.525	275.333
438.6000	111.417	275.289
438.5000	111.321	275.253
438.4000	111.206	275.221
438.3000	111.076	275.189
438.2000	110.934	275.152
438.1000	110.781	275.115
438.0000	110.635	275.079
437.9000	110.505	275.043
437.8000	110.386	275.01
437.7000	110.252	274.992
437.6000	110.099	274.986
437.5000	109.937	274.99
437.4000	109.764	274.989
437.3000	109.603	274.985
437.2000	109.452	274.981
437.1000	109.3	274.978
437.0000	109.156	274.976
436.9000	109.013	274.971
436.8000	108.851	274.966
436.7000	108.692	274.968
436.6000	108.543	274.979
436.5000	108.388	274.99
436.4000	108.214	275.001
436.3000	108.034	275.014
436.2000	107.86	275.025
436.1000	107.686	275.036
436.0000	107.507	275.047
435.9000	107.324	275.058
435.8000	107.125	275.078
435.7000	106.915	275.105
435.6000	106.715	275.122
435.5000	106.537	275.135
435.4000	106.346	275.146
435.3000	106.155	275.158
435.2000	105.959	275.168
435.1000	105.749	275.176
435.0000	105.536	275.18
434.9000	105.325	275.186
434.8000	105.116	275.198
434.7000	104.905	275.204
434.6000	104.681	275.205
434.5000	104.443	275.203
434.4000	104.207	275.199
434.3000	103.975	275.192
434.2000	103.75	275.184
434.1000	103.53	275.175
434.0000	103.304	275.174
433.9000	103.069	275.181
433.8000	102.847	275.182
433.7000	102.626	275.18
433.6000	102.386	275.177
433.5000	102.153	275.171
433.4000	101.918	275.165
433.3000	101.671	275.157
433.2000	101.431	275.146
433.1000	101.203	275.138
433.0000	100.985	275.129
432.9000	100.761	275.117
432.8000	100.517	275.105
432.7000	100.259	275.094
432.6000	100.02	275.085
432.5000	99.7844	275.077
432.4000	99.5523	275.068
432.3000	99.3099	275.061
432.2000	99.0459	275.061
432.1000	98.7781	275.06
432.0000	98.5166	275.055
431.9000	98.2578	275.047
431.8000	98.0118	275.037
431.7000	97.7733	275.025
431.6000	97.5459	275.013
431.5000	97.3171	275.003
431.4000	97.0809	274.992
431.3000	96.8375	274.982
431.2000	96.6009	274.974
431.1000	96.3822	274.966
431.0000	96.1601	274.957
430.9000	95.9451	274.948
430.8000	95.7173	274.938
430.7000	95.4825	274.926
430.6000	95.2518	274.912
430.5000	95.0212	274.885
430.4000	94.7819	274.856
430.3000	94.5479	274.833
430.2000	94.3316	274.811
430.1000	94.0944	274.792
430.0000	93.85	274.773
429.9000	93.6325	274.754
429.8000	93.401	274.735
429.7000	93.1583	274.712
429.6000	92.9019	274.69
429.5000	92.6445	274.671
429.4000	92.3953	274.652
429.3000	92.1583	274.63
429.2000	91.9108	274.606
429.1000	91.6538	274.581
429.0000	91.3751	274.557
428.9000	91.098	274.525
428.8000	90.8337	274.487
428.7000	90.5497	274.454
428.6000	90.2632	274.424
428.5000	89.9804	274.396
428.4000	89.6835	274.368
428.3000	89.3805	274.342
428.2000	89.0825	274.315
428.1000	88.7953	274.282
428.0000	88.5204	274.245
427.9000	88.2432	274.209
427.8000	87.9695	274.178
427.7000	87.678	274.148
427.6000	87.3875	274.12
427.5000	87.0956	274.095
427.4000	86.8042	274.071
427.3000	86.5172	274.038
427.2000	86.2331	274
427.1000	85.9498	273.967
427.0000	85.668	273.94
426.9000	85.3781	273.915
426.8000	85.076	273.888
426.7000	84.7856	273.859
426.6000	84.4965	273.831
426.5000	84.2086	273.8
426.4000	83.9042	273.766
426.3000	83.6125	273.735
426.2000	83.346	273.707
426.1000	83.0751	273.682
426.0000	82.8077	273.657
425.9000	82.5231	273.637
425.8000	82.2352	273.62
425.7000	81.9595	273.597
425.6000	81.6931	273.569
425.5000	81.4241	273.545
425.4000	81.136	273.524
425.3000	80.8496	273.505
425.2000	80.5778	273.489
425.1000	80.2892	273.474
425.0000	80.0057	273.46
424.9000	79.7265	273.445
424.8000	79.448	273.428
424.7000	79.1472	273.413
424.6000	78.828	273.402
424.5000	78.4853	273.392
424.4000	78.1371	273.377
424.3000	77.7902	273.36
424.2000	77.4373	273.335
424.1000	77.1037	273.305
424.0000	76.7668	273.274
423.9000	76.4234	273.253
423.8000	76.0837	273.236
423.7000	75.72	273.222
423.6000	75.3383	273.209
423.5000	74.953	273.198
423.4000	74.5607	273.183
423.3000	74.1775	273.163
423.2000	73.8194	273.141
423.1000	73.451	273.117
423.0000	73.0835	273.095
422.9000	72.7166	273.073
422.8000	72.3458	273.053
422.7000	71.9715	273.023
422.6000	71.6209	272.989
422.5000	71.2819	272.95
422.4000	70.9391	272.906
422.3000	70.5793	272.868
422.2000	70.2059	272.832
422.1000	69.8401	272.797
422.0000	69.4826	272.759
421.9000	69.1452	272.717
421.8000	68.785	272.669
421.7000	68.4193	272.617
421.6000	68.0372	272.562
421.5000	67.6431	272.505
421.4000	67.2488	272.448
421.3000	66.8566	272.391
421.2000	66.471	272.325
421.1000	66.1224	272.257
421.0000	65.7929	272.192
420.9000	65.4671	272.129
420.8000	65.1446	272.071
420.7000	64.7955	272.022
420.6000	64.4461	271.977
420.5000	64.1109	271.936
420.4000	63.7723	271.896
420.3000	63.4528	271.856
420.2000	63.1415	271.819
420.1000	62.8336	271.787
420.0000	62.5342	271.762
419.9000	62.2161	271.746
419.8000	61.8712	271.738
419.7000	61.5283	271.726
419.6000	61.1955	271.716
419.5000	60.8494	271.708
419.4000	60.487	271.702
419.3000	60.1237	271.707
419.2000	59.7485	271.72
419.1000	59.368	271.736
419.0000	58.992	271.756
418.9000	58.5958	271.775
418.8000	58.1977	271.792
418.7000	57.8075	271.81
418.6000	57.4108	271.831
418.5000	56.9939	271.858
418.4000	56.5926	271.894
418.3000	56.198	271.935
418.2000	55.8086	271.972
418.1000	55.4272	272.007
418.0000	55.0273	272.041
417.9000	54.6394	272.077
417.8000	54.2571	272.121
417.7000	53.8502	272.173
417.6000	53.4231	272.23
417.5000	52.9631	272.283
417.4000	52.4811	272.333
417.3000	51.9988	272.379
417.2000	51.5262	272.42
417.1000	51.0387	272.457
417.0000	50.5382	272.494
416.9000	50.0543	272.53
416.8000	49.5947	272.556
416.7000	49.1198	272.573
416.6000	48.6394	272.587
416.5000	48.178	272.598
416.4000	47.7294	272.607
416.3000	47.2787	272.618
416.2000	46.8147	272.631
416.1000	46.3684	272.641
416.0000	45.9158	272.647
415.9000	45.4586	272.649
415.8000	44.9914	272.647
415.7000	44.5102	272.644
415.6000	44.0176	272.64
415.5000	43.5366	272.638
415.4000	43.077	272.639
415.3000	42.602	272.634
415.2000	42.127	272.624
415.1000	41.655	272.612
415.0000	41.2048	272.598
414.9000	40.7523	272.584
414.8000	40.3058	272.578
414.7000	39.8521	272.578
414.6000	39.4169	272.574
414.5000	38.9763	272.567
414.4000	38.5481	272.557
414.3000	38.1251	272.544
414.2000	37.6805	272.529
414.1000	37.2624	272.515
414.0000	36.8482	272.506
413.9000	36.4395	272.493
413.8000	36.025	272.477
413.7000	35.6253	272.462
413.6000	35.213	272.446
413.5000	34.7674	272.43
413.4000	34.2872	272.423
413.3000	33.8037	272.417
413.2000	33.3197	272.412
413.1000	32.8223	272.406
413.0000	32.325	272.399
412.9000	31.8234	272.392
412.8000	31.3263	272.388
412.7000	30.818	272.387
412.6000	30.298	272.385
412.5000	29.7753	272.383
412.4000	29.2583	272.382
412.3000	28.7568	272.38
412.2000	28.2595	272.381
412.1000	27.7598	272.384
412.0000	27.2463	272.389
411.9000	26.7471	272.397
411.8000	26.2471	272.405
411.7000	25.7653	272.414
411.6000	25.2654	272.424
411.5000	24.7579	272.435
411.4000	24.2506	272.447
411.3000	23.7388	272.457
411.2000	23.2158	272.464
411.1000	22.6884	272.47
411.0000	22.1312	272.48
410.9000	21.5712	272.491
410.8000	21.0512	272.503
410.7000	20.5377	272.516
410.6000	20.0338	272.524
410.5000	19.5167	272.535
410.4000	18.9818	272.551
410.3000	18.4446	272.569
410.2000	17.9332	272.591
410.1000	17.4269	272.61
410.0000	16.9238	272.632
409.9000	16.4253	272.649
409.8000	15.9189	272.667
409.7000	15.4118	272.684
409.6000	14.8879	272.702
409.5000	14.3574	272.72
409.4000	13.8371	272.737
409.3000	13.3131	272.75
409.2000	12.8167	272.766
409.1000	12.3289	272.784
409.0000	11.8057	272.802
408.9000	11.2647	272.819
408.8000	10.7327	272.836
408.7000	10.2068	272.855
408.6000	9.69446	272.87
408.5000	9.18102	272.885
408.4000	8.66899	272.901
408.3000	8.13878	272.919
408.2000	7.61199	272.934
408.1000	7.09188	272.947
408.0000	6.57463	272.957
407.9000	6.07401	272.969
407.8000	5.55989	272.988
407.7000	5.05066	273.014
407.6000	4.53606	273.04
407.5000	4.01941	273.067
407.4000	3.49379	273.094
407.3000	2.9479	273.109
407.2000	2.38648	273.122
407.1000	1.81583	273.137
407.0000	1.2351	273.154
406.9000	0.646651	273.172
406.8000	0.0510812	273.191
406.7000	-0.533462	273.205
406.6000	-1.12188	273.215
406.5000	-1.71211	273.23
406.4000	-2.29269	273.248
406.3000	-2.86978	273.266
406.2000	-3.44458	273.283
406.1000	-4.01783	273.292
406.0000	-4.5872	273.298
405.9000	-5.14853	273.305
405.8000	-5.74133	273.317
405.7000	-6.33919	273.33
405.6000	-6.91077	273.345
405.5000	-7.4628	273.358
405.4000	-8.01373	273.368
405.3000	-8.57645	273.374
405.2000	-9.15259	273.385
405.1000	-9.73845	273.397
405.0000	-10.3234	273.41
404.9000	-10.9058	273.424
404.8000	-11.5069	273.433
404.7000	-12.1195	273.441
404.6000	-12.7201	273.45
404.5000	-13.3299	273.457
404.4000	-13.9328	273.463
404.3000	-14.5344	273.468
404.2000	-15.1308	273.472
404.1000	-15.7174	273.473
404.0000	-16.2985	273.472
403.9000	-16.8748	273.479
403.8000	-17.4501	273.491
403.7000	-18.0184	273.505
403.6000	-18.5543	273.515
403.5000	-19.1008	273.526
403.4000	-19.6649	273.535
403.3000	-20.2435	273.543
403.2000	-20.8408	273.553
403.1000	-21.4302	273.565
403.0000	-22.0129	273.572
402.9000	-22.6077	273.578
402.8000	-23.2067	273.584
402.7000	-23.7974	273.595
402.6000	-24.3931	273.611
402.5000	-24.9901	273.629
402.4000	-25.5812	273.639
402.3000	-26.1724	273.646
402.2000	-26.763	273.649
402.1000	-27.3756	273.65
402.0000	-28.012	273.653
401.9000	-28.6435	273.659
401.8000	-29.2681	273.663
401.7000	-29.9025	273.664
401.6000	-30.5377	273.663
401.5000	-31.1693	273.664
401.4000	-31.7968	273.668
401.3000	-32.422	273.67
401.2000	-33.0826	273.673
401.1000	-33.7467	273.672
401.0000	-34.4138	273.671
400.9000	-35.091	273.666
400.8000	-35.7748	273.663
400.7000	-36.447	273.661
400.6000	-37.132	273.656
400.5000	-37.7991	273.652
400.4000	-38.4583	273.645
400.3000	-39.1203	273.638
400.2000	-39.7868	273.636
400.1000	-40.4453	273.627
400.0000	-41.0993	273.615
399.9000	-41.7436	273.603
399.8000	-42.3703	273.59
399.7000	-42.9867	273.577
399.6000	-43.6301	273.568
399.5000	-44.2723	273.561
399.4000	-44.9131	273.554
399.3000	-45.5561	273.545
399.2000	-46.2212	273.535
399.1000	-46.898	273.525
399.0000	-47.5563	273.523
398.9000	-48.2244	273.519
398.8000	-48.9196	273.518
398.7000	-49.5958	273.517
398.6000	-50.2436	273.518
398.5000	-50.8797	273.519
398.4000	-51.522	273.522
398.3000	-52.146	273.524
398.2000	-52.779	273.529
398.1000	-53.4064	273.538
398.0000	-54.0338	273.544
397.9000	-54.6449	273.556
397.8000	-55.2424	273.567
397.7000	-55.8492	273.579
397.6000	-56.4659	273.595
397.5000	-57.0743	273.613
397.4000	-57.6766	273.633
397.3000	-58.288	273.657
397.2000	-58.9206	273.684
397.1000	-59.5713	273.712
397.0000	-60.2329	273.746
396.9000	-60.9033	273.78
396.8000	-61.5747	273.81
396.7000	-62.2414	273.837
396.6000	-62.8969	273.869
396.5000	-63.5451	273.907
396.4000	-64.1862	273.95
396.3000	-64.84	273.992
396.2000	-65.464	274.037
396.1000	-66.0704	274.082
396.0000	-66.6776	274.128
395.9000	-67.3022	274.172
395.8000	-67.9306	274.218
395.7000	-68.5506	274.264
395.6000	-69.1756	274.305
395.5000	-69.7861	274.349
395.4000	-70.3722	274.396
395.3000	-70.9663	274.441
395.2000	-71.5886	274.489
395.1000	-72.2187	274.538
395.0000	-72.8363	274.583
394.9000	-73.4649	274.632
394.8000	-74.1006	274.685
394.7000	-74.746	274.73
394.6000	-75.4018	274.782
394.5000	-76.0769	274.83
394.4000	-76.7456	274.881
394.3000	-77.4215	274.933
394.2000	-78.0842	274.983
394.1000	-78.7669	275.034
394.0000	-79.4342	275.081
393.9000	-80.1069	275.128
393.8000	-80.7573	275.177
393.7000	-81.4045	275.225
393.6000	-82.0524	275.272
393.5000	-82.6943	275.318
393.4000	-83.3457	275.361
393.3000	-83.9977	275.411
393.2000	-84.6479	275.463
393.1000	-85.3228	275.51
393.0000	-86.0057	275.548
392.9000	-86.6991	275.586
392.8000	-87.4144	275.621
392.7000	-88.1306	275.661
392.6000	-88.8466	275.706
392.5000	-89.5371	275.751
392.4000	-90.2174	275.796
392.3000	-90.9016	275.838
392.2000	-91.5934	275.882
392.1000	-92.3084	275.926
392.0000	-93.0333	275.969
391.9000	-93.7455	276.015
391.8000	-94.4358	276.057
391.7000	-95.1179	276.096
391.6000	-95.8208	276.141
391.5000	-96.5303	276.19
391.4000	-97.2327	276.236
391.3000	-97.9436	276.28
391.2000	-98.659	276.317
391.1000	-99.3645	276.359
391.0000	-100.089	276.406
390.9000	-100.788	276.452
390.8000	-101.494	276.502
390.7000	-102.177	276.546
390.6000	-102.856	276.596
390.5000	-103.529	276.645
390.4000	-104.225	276.696
390.3000	-104.931	276.75
390.2000	-105.648	276.793
390.1000	-106.375	276.836
390.0000	-107.085	276.884
389.9000	-107.817	276.935
389.8000	-108.58	276.984
389.7000	-109.332	277.035
389.6000	-110.084	277.087
389.5000	-110.817	277.142
389.4000	-111.529	277.197
389.3000	-112.264	277.253
389.2000	-113.011	277.297
389.1000	-113.775	277.342
389.0000	-114.534	277.384
388.9000	-115.283	277.43
388.8000	-116.039	277.479
388.7000	-116.806	277.527
388.6000	-117.581	277.576
388.5000	-118.353	277.621
388.4000	-119.131	277.666
388.3000	-119.929	277.715
388.2000	-120.712	277.766
388.1000	-121.499	277.809
388.0000	-122.285	277.846
387.9000	-123.07	277.885
387.8000	-123.851	277.928
387.7000	-124.643	277.972
387.6000	-125.422	278.011
387.5000	-126.206	278.047
387.4000	-126.979	278.082
387.3000	-127.769	278.12
387.2000	-128.574	278.157
387.1000	-129.404	278.189
387.0000	-130.24	278.218
386.9000	-131.077	278.245
386.8000	-131.883	278.275
386.7000	-132.667	278.309
386.6000	-133.448	278.338
386.5000	-134.242	278.365
386.4000	-135.014	278.389
386.3000	-135.796	278.415
386.2000	-136.58	278.441
386.1000	-137.376	278.463
386.0000	-138.198	278.481
385.9000	-139.025	278.5
385.8000	-139.836	278.522
385.7000	-140.653	278.548
385.6000	-141.478	278.57
385.5000	-142.295	278.592
385.4000	-143.104	278.612
385.3000	-143.911	278.634
385.2000	-144.705	278.66
385.1000	-145.509	278.681
385.0000	-146.311	278.698
384.9000	-147.095	278.712
384.8000	-147.908	278.729
384.7000	-148.726	278.751
384.6000	-149.529	278.774
384.5000	-150.328	278.795
384.4000	-151.115	278.815
384.3000	-151.902	278.837
384.2000	-152.7	278.863
384.1000	-153.513	278.885
384.0000	-154.345	278.902
383.9000	-155.157	278.916
383.8000	-155.965	278.929
383.7000	-156.746	278.944
383.6000	-157.51	278.958
383.5000	-158.274	278.973
383.4000	-159.039	278.989
383.3000	-159.822	279.004
383.2000	-160.617	279.017
383.1000	-161.41	279.03
383.0000	-162.195	279.042
382.9000	-162.973	279.054
382.8000	-163.748	279.065
382.7000	-164.522	279.077
382.6000	-165.295	279.088
382.5000	-166.058	279.102
382.4000	-166.832	279.117
382.3000	-167.59	279.134
382.2000	-168.353	279.15
382.1000	-169.144	279.166
382.0000	-169.934	279.182
381.9000	-170.69	279.198
381.8000	-171.443	279.211
381.7000	-172.196	279.228
381.6000	-172.976	279.245
381.5000	-173.783	279.264
381.4000	-174.568	279.281
381.3000	-175.335	279.292
381.2000	-176.108	279.302
381.1000	-176.882	279.313
381.0000	-177.677	279.324
380.9000	-178.486	279.332
380.8000	-179.295	279.339
380.7000	-180.095	279.35
380.6000	-180.891	279.363
380.5000	-181.702	279.377
380.4000	-182.512	279.385
380.3000	-183.336	279.395
380.2000	-184.162	279.407
380.1000	-184.987	279.417
380.0000	-185.826	279.423
379.9000	-186.681	279.426
379.8000	-187.537	279.435
379.7000	-188.395	279.448
379.6000	-189.251	279.457
379.5000	-190.116	279.466
379.4000	-190.979	279.474
379.3000	-191.847	279.487
379.2000	-192.714	279.503
379.1000	-193.571	279.517
379.0000	-194.406	279.526
378.9000	-195.245	279.531
378.8000	-196.075	279.538
378.7000	-196.898	279.542
378.6000	-197.725	279.545
378.5000	-198.588	279.55
378.4000	-199.455	279.556
378.3000	-200.322	279.563
378.2000	-201.173	279.568
378.1000	-202.004	279.576
378.0000	-202.843	279.583
377.9000	-203.694	279.59
377.8000	-204.541	279.597
377.7000	-205.388	279.604
377.6000	-206.233	279.613
377.5000	-207.053	279.625
377.4000	-207.861	279.637
377.3000	-208.674	279.647
377.2000	-209.519	279.655
377.1000	-210.376	279.664
377.0000	-211.213	279.673
376.9000	-212.051	279.683
376.8000	-212.893	279.693
376.7000	-213.721	279.705
376.6000	-214.559	279.717
376.5000	-215.401	279.73
376.4000	-216.24	279.743
376.3000	-217.063	279.757
376.2000	-217.892	279.768
376.1000	-218.712	279.778
376.0000	-219.514	279.786
375.9000	-220.313	279.794
375.8000	-221.104	279.798
375.7000	-221.905	279.804
375.6000	-222.728	279.814
375.5000	-223.54	279.825
375.4000	-224.354	279.832
375.3000	-225.155	279.842
375.2000	-225.978	279.855
375.1000	-226.818	279.867
375.0000	-227.671	279.874
374.9000	-228.511	279.881
374.8000	-229.342	279.888
374.7000	-230.186	279.892
374.6000	-231.021	279.897
374.5000	-231.835	279.902
374.4000	-232.648	279.908
374.3000	-233.465	279.914
374.2000	-234.273	279.92
374.1000	-235.092	279.924
374.0000	-235.91	279.928
373.9000	-236.727	279.935
373.8000	-237.521	279.944
373.7000	-238.313	279.948
373.6000	-239.116	279.955
373.5000	-239.92	279.964
373.4000	-240.739	279.972
373.3000	-241.574	279.977
373.2000	-242.39	279.981
373.1000	-243.162	279.988
373.0000	-243.924	279.998
372.9000	-244.709	280.006
372.8000	-245.49	280.016
372.7000	-246.272	280.027
372.6000	-247.059	280.035
372.5000	-247.879	280.041
372.4000	-248.702	280.048
372.3000	-249.522	280.055
372.2000	-250.356	280.062
372.1000	-251.212	280.064
372.0000	-252.063	280.066
371.9000	-252.913	280.071
371.8000	-253.736	280.077
371.7000	-254.532	280.081
371.6000	-255.312	280.086
371.5000	-256.106	280.093
371.4000	-256.913	280.102
371.3000	-257.702	280.107
371.2000	-258.499	280.111
371.1000	-259.314	280.117
371.0000	-260.15	280.124
370.9000	-260.97	280.128
370.8000	-261.775	280.13
370.7000	-262.591	280.135
370.6000	-263.402	280.144
370.5000	-264.196	280.147
370.4000	-264.97	280.148
370.3000	-265.729	280.151
370.2000	-266.493	280.155
370.1000	-267.282	280.158
370.0000	-268.039	280.162
369.9000	-268.779	280.17
369.8000	-269.522	280.18
369.7000	-270.294	280.184
369.6000	-271.083	280.185
369.5000	-271.876	280.19
369.4000	-272.667	280.197
369.3000	-273.454	280.205
369.2000	-274.243	280.214
369.1000	-275.023	280.226
369.0000	-275.795	280.241
368.9000	-276.551	280.254
368.8000	-277.292	280.266
368.7000	-278.045	280.281
368.6000	-278.824	280.297
368.5000	-279.622	280.311
368.4000	-280.449	280.324
368.3000	-281.282	280.338
368.2000	-282.109	280.348
368.1000	-282.919	280.356
368.0000	-283.727	280.362
367.9000	-284.53	280.371
367.8000	-285.325	280.382
367.7000	-286.116	280.395
367.6000	-286.899	280.408
367.5000	-287.706	280.424
367.4000	-288.517	280.441
367.3000	-289.318	280.456
367.2000	-290.134	280.471
367.1000	-290.95	280.492
367.0000	-291.767	280.512
366.9000	-292.583	280.532
366.8000	-293.408	280.552
366.7000	-294.203	280.575
366.6000	-295.006	280.593
366.5000	-295.837	280.61
366.4000	-296.68	280.627
366.3000	-297.516	280.65
366.2000	-298.332	280.675
366.1000	-299.138	280.697
366.0000	-299.934	280.721
365.9000	-300.728	280.745
365.8000	-301.518	280.765
365.7000	-302.296	280.784
365.6000	-303.081	280.802
365.5000	-303.894	280.823
365.4000	-304.71	280.843
365.3000	-305.496	280.86
365.2000	-306.276	280.877
365.1000	-307.044	280.894
365.0000	-307.772	280.912
364.9000	-308.489	280.931
364.8000	-309.197	280.955
364.7000	-309.918	280.978
364.6000	-310.65	281.004
364.5000	-311.376	281.032
364.4000	-312.099	281.063
364.3000	-312.837	281.091
364.2000	-313.564	281.118
364.1000	-314.272	281.144
364.0000	-315.002	281.174
363.9000	-315.75	281.203
363.8000	-316.499	281.23
363.7000	-317.248	281.256
363.6000	-317.995	281.278
363.5000	-318.735	281.3
363.4000	-319.454	281.321
363.3000	-320.188	281.345
363.2000	-320.918	281.372
363.1000	-321.638	281.4
363.0000	-322.37	281.426
362.9000	-323.11	281.452
362.8000	-323.837	281.474
362.7000	-324.56	281.497
362.6000	-325.29	281.517
362.5000	-326.032	281.534
362.4000	-326.766	281.552
362.3000	-327.495	281.572
362.2000	-328.204	281.593
362.1000	-328.888	281.611
362.0000	-329.57	281.631
361.9000	-330.234	281.653
361.8000	-330.873	281.675
361.7000	-331.511	281.699
361.6000	-332.174	281.725
361.5000	-332.856	281.75
361.4000	-333.519	281.772
361.3000	-334.179	281.795
361.2000	-334.803	281.818
361.1000	-335.422	281.842
361.0000	-336.061	281.863
360.9000	-336.684	281.886
360.8000	-337.329	281.909
360.7000	-337.981	281.926
360.6000	-338.629	281.941
360.5000	-339.271	281.957
360.4000	-339.876	281.976
360.3000	-340.48	281.993
360.2000	-341.076	282.013
360.1000	-341.674	282.036
360.0000	-342.291	282.055
359.9000	-342.904	282.073
359.8000	-343.521	282.092
359.7000	-344.132	282.113
359.6000	-344.727	282.131
359.5000	-345.272	282.147
359.4000	-345.823	282.168
359.3000	-346.371	282.188
359.2000	-346.91	282.209
359.1000	-347.432	282.234
359.0000	-347.956	282.264
358.9000	-348.467	282.293
358.8000	-348.987	282.32
358.7000	-349.504	282.349
358.6000	-350.039	282.377
358.5000	-350.605	282.405
358.4000	-351.177	282.432
358.3000	-351.721	282.46
358.2000	-352.255	282.489
358.1000	-352.761	282.518
358.0000	-353.271	282.549
357.9000	-353.79	282.578
357.8000	-354.33	282.605
357.7000	-354.874	282.631
357.6000	-355.392	282.656
357.5000	-355.892	282.682
357.4000	-356.367	282.708
357.3000	-356.813	282.739
357.2000	-357.238	282.769
357.1000	-357.646	282.8
357.0000	-358.054	282.831
356.9000	-358.431	282.86
356.8000	-358.809	282.889
356.7000	-359.179	282.918
356.6000	-359.529	282.948
356.5000	-359.883	282.982
356.4000	-360.23	283.018
356.3000	-360.579	283.052
356.2000	-360.901	283.086
356.1000	-361.215	283.119
356.0000	-361.531	283.154
355.9000	-361.861	283.188
355.8000	-362.208	283.22
355.7000	-362.543	283.25
355.6000	-362.885	283.276
355.5000	-363.224	283.303
355.4000	-363.551	283.334
355.3000	-363.868	283.366
355.2000	-364.162	283.396
355.1000	-364.43	283.425
355.0000	-364.685	283.454
354.9000	-364.931	283.482
354.8000	-365.146	283.512
354.7000	-365.353	283.543
354.6000	-365.557	283.569
354.5000	-365.754	283.599
354.4000	-365.926	283.632
354.3000	-366.082	283.665
354.2000	-366.231	283.699
354.1000	-366.367	283.734
354.0000	-366.499	283.77
353.9000	-366.626	283.801
353.8000	-366.74	283.835
353.7000	-366.837	283.869
353.6000	-366.924	283.902
353.5000	-367.027	283.934
353.4000	-367.116	283.968
353.3000	-367.213	283.998
353.2000	-367.303	284.029
353.1000	-367.369	284.06
353.0000	-367.43	284.089
352.9000	-367.469	284.117
352.8000	-367.506	284.148
352.7000	-367.563	284.176
352.6000	-367.616	284.205
352.5000	-367.641	284.236
352.4000	-367.623	284.269
352.3000	-367.574	284.301
352.2000	-367.5	284.335
352.1000	-367.393	284.369
352.0000	-367.258	284.4
351.9000	-367.106	284.43
351.8000	-366.945	284.465
351.7000	-366.776	284.496
351.6000	-366.609	284.526
351.5000	-366.436	284.557
351.4000	-366.245	284.585
351.3000	-366.018	284.611
351.2000	-365.77	284.64
351.1000	-365.51	284.665
351.0000	-365.237	284.689
350.9000	-364.957	284.714
350.8000	-364.675	284.737
350.7000	-364.404	284.759
350.6000	-364.123	284.781
350.5000	-363.852	284.807
350.4000	-363.577	284.833
350.3000	-363.281	284.861
350.2000	-362.97	284.891
350.1000	-362.642	284.919
350.0000	-362.292	284.944
349.9000	-361.925	284.973
349.8000	-361.537	285.001
349.7000	-361.129	285.028
349.6000	-360.691	285.056
349.5000	-360.221	285.082
349.4000	-359.741	285.108
349.3000	-359.241	285.138
349.2000	-358.745	285.166
349.1000	-358.235	285.193
349.0000	-357.7	285.221
348.9000	-357.157	285.245
348.8000	-356.598	285.269
348.7000	-356.048	285.29
348.6000	-355.514	285.312
348.5000	-354.978	285.333
348.4000	-354.409	285.354
348.3000	-353.823	285.375
348.2000	-353.189	285.4
348.1000	-352.571	285.428
348.0000	-351.941	285.459
347.9000	-351.31	285.494
347.8000	-350.661	285.529
347.7000	-350.003	285.562
347.6000	-349.304	285.594
347.5000	-348.588	285.623
347.4000	-347.852	285.652
347.3000	-347.101	285.68
347.2000	-346.329	285.706
347.1000	-345.518	285.726
347.0000	-344.708	285.746
346.9000	-343.911	285.767
346.8000	-343.081	285.785
346.7000	-342.223	285.806
346.6000	-341.35	285.83
346.5000	-340.469	285.853
346.4000	-339.595	285.879
346.3000	-338.715	285.908
346.2000	-337.806	285.933
346.1000	-336.889	285.959
346.0000	-335.933	285.987
345.9000	-334.957	286.01
345.8000	-333.939	286.034
345.7000	-332.924	286.058
345.6000	-331.91	286.078
345.5000	-330.893	286.1
345.4000	-329.853	286.124
345.3000	-328.81	286.147
345.2000	-327.728	286.174
345.1000	-326.636	286.199
345.0000	-325.536	286.222
344.9000	-324.401	286.248
344.8000	-323.267	286.27
344.7000	-322.097	286.29
344.6000	-320.912	286.311
344.5000	-319.733	286.326
344.4000	-318.539	286.339
344.3000	-317.29	286.356
344.2000	-316.038	286.372
344.1000	-314.792	286.389
344.0000	-313.523	286.408
343.9000	-312.225	286.424
343.8000	-310.876	286.438
343.7000	-309.526	286.456
343.6000	-308.145	286.473
343.5000	-306.726	286.486
343.4000	-305.301	286.501
343.3000	-303.866	286.514
343.2000	-302.42	286.528
343.1000	-300.94	286.539
343.0000	-299.404	286.551
342.9000	-297.835	286.561
342.8000	-296.257	286.571
342.7000	-294.662	286.579
342.6000	-293.046	286.589
342.5000	-291.404	286.602
342.4000	-289.778	286.617
342.3000	-288.123	286.634
342.2000	-286.428	286.651
342.1000	-284.69	286.669
342.0000	-282.936	286.684
341.9000	-281.142	286.7
341.8000	-279.319	286.717
341.7000	-277.443	286.734
341.6000	-275.535	286.753
341.5000	-273.629	286.771
341.4000	-271.703	286.793
341.3000	-269.725	286.815
341.2000	-267.695	286.838
341.1000	-265.618	286.86
341.0000	-263.525	286.882
340.9000	-261.416	286.901
340.8000	-259.294	286.921
340.7000	-257.119	286.943
340.6000	-254.906	286.965
340.5000	-252.66	286.991
340.4000	-250.429	287.022
340.3000	-248.152	287.053
340.2000	-245.837	287.086
340.1000	-243.482	287.117
340.0000	-241.102	287.149
339.9000	-238.697	287.18
339.8000	-236.272	287.208
339.7000	-233.818	287.237
339.6000	-231.343	287.265
339.5000	-228.824	287.292
339.4000	-226.258	287.321
339.3000	-223.663	287.348
339.2000	-221.041	287.375
339.1000	-218.39	287.403
339.0000	-215.662	287.431
338.9000	-212.877	287.459
338.8000	-210.055	287.486
338.7000	-207.19	287.515
338.6000	-204.286	287.55
338.5000	-201.349	287.585
338.4000	-198.401	287.62
338.3000	-195.427	287.651
338.2000	-192.423	287.681
338.1000	-189.372	287.712
338.0000	-186.292	287.743
337.9000	-183.192	287.776
337.8000	-180.083	287.81
337.7000	-176.954	287.843
337.6000	-173.796	287.877
337.5000	-170.588	287.911
337.4000	-167.356	287.948
337.3000	-164.09	287.987
337.2000	-160.785	288.025
337.1000	-157.45	288.061
337.0000	-154.076	288.092
336.9000	-150.668	288.122
336.8000	-147.233	288.155
336.7000	-143.767	288.188
336.6000	-140.264	288.223
336.5000	-136.754	288.255
336.4000	-133.218	288.294
336.3000	-129.653	288.338
336.2000	-126.037	288.384
336.1000	-122.4	288.429
336.0000	-118.731	288.472
335.9000	-115.043	288.517
335.8000	-111.348	288.563
335.7000	-107.619	288.607
335.6000	-103.882	288.651
335.5000	-100.152	288.693
335.4000	-96.4122	288.739
335.3000	-92.6817	288.782
335.2000	-88.9559	288.825
335.1000	-85.2072	288.87
335.0000	-81.4105	288.916
334.9000	-77.5932	288.967
334.8000	-73.755	289.017
334.7000	-69.9096	289.065
334.6000	-66.0528	289.117
334.5000	-62.1823	289.169
334.4000	-58.2924	289.222
334.3000	-54.3776	289.273
334.2000	-50.4383	289.326
334.1000	-46.5238	289.384
334.0000	-42.5945	289.445
333.9000	-38.6412	289.508
333.8000	-34.6821	289.57
333.7000	-30.7266	289.639
333.6000	-26.7534	289.71
333.5000	-22.7745	289.784
333.4000	-18.7888	289.859
333.3000	-14.801	289.934
333.2000	-10.8142	290.009
333.1000	-6.81013	290.085
333.0000	-2.77948	290.163
332.9000	1.25158	290.244
332.8000	5.24125	290.326
332.7000	9.19062	290.41
332.6000	13.0899	290.496
332.5000	16.9844	290.585
332.4000	20.8963	290.674
332.3000	24.7972	290.768
332.2000	28.7066	290.865
332.1000	32.6304	290.964
332.0000	36.5574	291.065
331.9000	40.4729	291.166
331.8000	44.392	291.27
331.7000	48.2672	291.375
331.6000	52.1075	291.484
331.5000	55.9171	291.595
331.4000	59.7107	291.706
331.3000	63.4957	291.821
331.2000	67.2898	291.937
331.1000	71.0787	292.055
331.0000	74.8002	292.173
330.9000	78.4794	292.296
330.8000	82.1064	292.424
330.7000	85.7086	292.553
330.6000	89.2844	292.685
330.5000	92.7972	292.818
330.4000	96.2413	292.954
330.3000	99.6532	293.09
330.2000	103.03	293.229
330.1000	106.357	293.371
330.0000	109.617	293.52
329.9000	112.825	293.675
329.8000	115.95	293.835
329.7000	119.018	294.001
329.6000	122.015	294.168
329.5000	124.928	294.335
329.4000	127.782	294.507
329.3000	130.592	294.682
329.2000	133.338	294.863
329.1000	135.986	295.046
329.0000	138.524	295.236
328.9000	140.952	295.428
328.8000	143.276	295.626
328.7000	145.496	295.828
328.6000	147.598	296.037
328.5000	149.592	296.253
328.4000	151.444	296.474
328.3000	153.202	296.699
328.2000	154.852	296.932
328.1000	156.341	297.171
328.0000	157.664	297.418
327.9000	158.837	297.673
327.8000	159.815	297.934
327.7000	160.61	298.201
327.6000	161.267	298.476
327.5000	161.751	298.757
327.4000	162.073	299.042
327.3000	162.21	299.335
327.2000	162.155	299.634
327.1000	161.901	299.943
327.0000	161.44	300.265
326.9000	160.734	300.595
326.8000	159.785	300.934
326.7000	158.597	301.283
326.6000	157.146	301.641
326.5000	155.439	302.003
326.4000	153.489	302.375
326.3000	151.286	302.752
326.2000	148.789	303.14
326.1000	146.037	303.533
326.0000	143.004	303.938
325.9000	139.683	304.354
325.8000	136.12	304.78
325.7000	132.316	305.22
325.6000	128.208	305.669
325.5000	123.79	306.131
325.4000	119.065	306.602
325.3000	114.016	307.083
325.2000	108.655	307.574
325.1000	102.985	308.076
325.0000	97.0039	308.59
324.9000	90.6953	309.12
324.8000	84.0271	309.66
324.7000	77.0371	310.214
324.6000	69.7197	310.782
324.5000	62.0646	311.365
324.4000	54.0976	311.962
324.3000	45.7999	312.574
324.2000	37.1477	313.205
324.1000	28.1642	313.848
324.0000	18.857	314.508
323.9000	9.18889	315.186
323.8000	-0.816196	315.881
323.7000	-11.1253	316.591
323.6000	-21.7535	317.313
323.5000	-32.6634	318.048
323.4000	-43.8581	318.8
323.3000	-55.3475	319.568
323.2000	-67.1214	320.354
323.1000	-79.1636	321.156
323.0000	-91.4746	321.976
322.9000	-104.006	322.813
322.8000	-116.751	323.67
322.7000	-129.713	324.545
322.6000	-142.893	325.438
322.5000	-156.292	326.345
322.4000	-169.901	327.272
322.3000	-183.75	328.215
322.2000	-197.742	329.181
322.1000	-211.847	330.163
322.0000	-226.031	331.164
321.9000	-240.31	332.183
321.8000	-254.702	333.221
321.7000	-269.134	334.279
321.6000	-283.567	335.358
321.5000	-298.027	336.454
321.4000	-312.495	337.569
321.3000	-326.93	338.701
321.2000	-341.333	339.85
321.1000	-355.659	341.017
321.0000	-369.831	342.201
320.9000	-383.892	343.403
320.8000	-397.818	344.62
320.7000	-411.569	345.853
320.6000	-425.148	347.102
320.5000	-438.497	348.366
320.4000	-451.574	349.65
320.3000	-464.45	350.952
320.2000	-477.097	352.271
320.1000	-489.459	353.607
320.0000	-501.543	354.964
319.9000	-513.321	356.344
319.8000	-524.787	357.739
319.7000	-535.885	359.149
319.6000	-546.65	360.575
319.5000	-557.123	362.017
319.4000	-567.247	363.475
319.3000	-577.057	364.951
319.2000	-586.459	366.444
319.1000	-595.407	367.955
319.0000	-603.998	369.48
318.9000	-612.148	371.023
318.8000	-619.873	372.579
318.7000	-627.164	374.155
318.6000	-634.079	375.745
318.5000	-640.603	377.355
318.4000	-646.687	378.98
318.3000	-652.399	380.622
318.2000	-657.75	382.274
318.1000	-662.669	383.938
318.0000	-667.126	385.612
317.9000	-671.254	387.296
317.8000	-675.018	388.988
317.7000	-678.41	390.692
317.6000	-681.41	392.413
317.5000	-684.075	394.145
317.4000	-686.415	395.887
317.3000	-688.442	397.639
317.2000	-690.151	399.4
317.1000	-691.567	401.165
317.0000	-692.802	402.937
316.9000	-693.712	404.713
316.8000	-694.163	406.499
316.7000	-694.323	408.292
316.6000	-694.209	410.088
316.5000	-693.818	411.883
316.4000	-693.161	413.687
316.3000	-692.306	415.495
316.2000	-691.185	417.312
316.1000	-689.72	419.134
316.0000	-688.003	420.964
315.9000	-686.019	422.795
315.8000	-683.902	424.628
315.7000	-681.587	426.459
315.6000	-679.054	428.295
315.5000	-676.394	430.128
315.4000	-673.555	431.959
315.3000	-670.542	433.783
315.2000	-667.429	435.604
315.1000	-664.115	437.418
315.0000	-660.605	439.226
314.9000	-656.913	441.029
314.8000	-653.058	442.827
314.7000	-649.036	444.62
314.6000	-644.842	446.405
314.5000	-640.455	448.187
314.4000	-635.934	449.962
314.3000	-631.269	451.732
314.2000	-626.586	453.487
314.1000	-621.771	455.232
314.0000	-616.748	456.969
313.9000	-611.594	458.701
313.8000	-606.205	460.423
313.7000	-600.606	462.144
313.6000	-594.732	463.852
313.5000	-588.8	465.548
313.4000	-582.93	467.233
313.3000	-577.041	468.904
313.2000	-571.149	470.564
313.1000	-565.185	472.212
313.0000	-559.003	473.845
312.9000	-552.668	475.465
312.8000	-546.215	477.068
312.7000	-539.663	478.654
312.6000	-532.966	480.223
312.5000	-526.198	481.773
312.4000	-519.301	483.307
312.3000	-512.247	484.823
312.2000	-505.347	486.32
312.1000	-498.437	487.801
312.0000	-491.465	489.266
311.9000	-484.297	490.714
311.8000	-477.1	492.143
311.7000	-469.933	493.553
311.6000	-462.806	494.947
311.5000	-455.566	496.318
311.4000	-448.035	497.672
311.3000	-440.328	499.009
311.2000	-432.628	500.331
311.1000	-425.007	501.632
311.0000	-417.327	502.915
310.9000	-409.701	504.18
310.8000	-401.857	505.424
310.7000	-394.068	506.648
310.6000	-386.462	507.853
310.5000	-378.799	509.037
310.4000	-371.349	510.2
310.3000	-363.858	511.343
310.2000	-356.392	512.467
310.1000	-348.987	513.57
310.0000	-341.641	514.654
309.9000	-334.425	515.721
309.8000	-327.141	516.766
309.7000	-319.703	517.788
309.6000	-312.439	518.792
309.5000	-305.308	519.775
309.4000	-298.087	520.74
309.3000	-290.835	521.687
309.2000	-283.762	522.611
309.1000	-276.905	523.52
309.0000	-270.209	524.412
308.9000	-263.894	525.288
308.8000	-257.334	526.143
308.7000	-250.638	526.981
308.6000	-244.051	527.799
308.5000	-237.662	528.601
308.4000	-231.335	529.387
308.3000	-225.145	530.158
308.2000	-218.91	530.911
308.1000	-212.669	531.649
308.0000	-206.783	532.373
307.9000	-201.356	533.078
307.8000	-195.946	533.766
307.7000	-190.381	534.439
307.6000	-184.81	535.094
307.5000	-179.275	535.735
307.4000	-174.25	536.363
307.3000	-169.345	536.974
307.2000	-164.28	537.572
307.1000	-159.219	538.154
307.0000	-153.983	538.723
306.9000	-149.276	539.275
306.8000	-144.972	539.815
306.7000	-140.743	540.342
306.6000	-136.528	540.853
306.5000	-132.354	541.352
306.4000	-128.095	541.836
306.3000	-124.132	542.313
306.2000	-120.047	542.774
306.1000	-115.899	543.223
306.0000	-112.061	543.662
305.9000	-108.469	544.087
305.8000	-104.874	544.501
305.7000	-101.06	544.903
305.6000	-97.2167	545.293
305.5000	-93.3203	545.672
305.4000	-89.9395	546.042
305.3000	-86.75	546.401
305.2000	-83.4288	546.752
305.1000	-80.1457	547.094
305.0000	-77.1776	547.425
304.9000	-74.0684	547.748
304.8000	-70.6869	548.059
304.7000	-67.6712	548.363
304.6000	-64.8015	548.654
304.5000	-62.0129	548.943
304.4000	-59.4904	549.219
304.3000	-57.353	549.49
304.2000	-55.2282	549.754
304.1000	-53.2715	550.006
304.0000	-51.1418	550.252
303.9000	-48.9974	550.493
303.8000	-46.9558	550.723
303.7000	-45.2701	550.949
303.6000	-43.9394	551.168
303.5000	-42.2597	551.381
303.4000	-40.3461	551.587
303.3000	-38.2985	551.789
303.2000	-36.3917	551.981
303.1000	-34.4727	552.167
303.0000	-32.9257	552.348
302.9000	-31.2833	552.525
302.8000	-29.8258	552.694
302.7000	-28.2522	552.859
302.6000	-26.6076	553.019
302.5000	-25.0276	553.172
302.4000	-23.5342	553.323
302.3000	-22.2866	553.47
302.2000	-21.0129	553.613
302.1000	-19.9214	553.749
302.0000	-18.761	553.881
301.9000	-17.6451	554.01
301.8000	-16.7519	554.134
301.7000	-16.35	554.255
301.6000	-15.9101	554.373
301.5000	-15.5132	554.485
301.4000	-15.4637	554.594
301.3000	-15.3197	554.698
301.2000	-15.0164	554.802
301.1000	-14.2772	554.901
301.0000	-13.3325	554.998
300.9000	-12.4182	555.092
300.8000	-11.7827	555.184
300.7000	-11.1354	555.271
300.6000	-10.5099	555.36
300.5000	-9.74229	555.442
300.4000	-9.11844	555.525
300.3000	-8.35824	555.602
300.2000	-7.5193	555.681
300.1000	-7.15014	555.755
300.0000	-6.84392	555.825
