TITLE	250829-7CB-Delta-1500-34dc-1
DATA TYPE	
ORIGIN	JASCO
OWNER	
DATE	25/08/29
TIME	13:44:50
SPECTROMETER/DATA SYSTEM	JASCO Corp., J-715, Rev. 1.00
RESOLUTION	
DELTAX	-0.1
XUNITS	NANOMETERS
YUNITS	CD[mdeg]
Y2UNITS	HT[V]
FIRSTX	600.0000
LASTX	300.0000
NPOINTS	3001
FIRSTY	-53.54712
MAXY	133.42001
MINY	-581.04407
XYDATA
600.0000	-53.5471	452.507
599.9000	-53.3132	452.503
599.8000	-53.272	452.498
599.7000	-53.3426	452.491
599.6000	-53.3025	452.483
599.5000	-53.1908	452.475
599.4000	-53.1445	452.465
599.3000	-53.0626	452.454
599.2000	-53.0871	452.441
599.1000	-53.0395	452.423
599.0000	-52.9369	452.406
598.9000	-52.9431	452.388
598.8000	-52.9892	452.371
598.7000	-53.1205	452.35
598.6000	-53.313	452.329
598.5000	-53.4008	452.309
598.4000	-53.477	452.292
598.3000	-53.4673	452.273
598.2000	-53.4323	452.256
598.1000	-53.4458	452.24
598.0000	-53.4304	452.226
597.9000	-53.3943	452.209
597.8000	-53.3084	452.184
597.7000	-53.2364	452.161
597.6000	-53.1811	452.139
597.5000	-53.0877	452.119
597.4000	-53.0073	452.091
597.3000	-52.9934	452.058
597.2000	-53.1248	451.991
597.1000	-53.3887	451.892
597.0000	-53.49	451.784
596.9000	-53.5606	451.661
596.8000	-53.6612	451.533
596.7000	-53.8764	451.406
596.6000	-54.056	451.277
596.5000	-54.2305	451.144
596.4000	-54.1976	451.013
596.3000	-54.1033	450.883
596.2000	-54.0243	450.755
596.1000	-53.8741	450.626
596.0000	-53.6462	450.498
595.9000	-53.5728	450.372
595.8000	-53.5328	450.244
595.7000	-53.5675	450.118
595.6000	-53.7112	449.991
595.5000	-53.8766	449.865
595.4000	-54.026	449.742
595.3000	-54.1217	449.618
595.2000	-54.1138	449.497
595.1000	-54.1248	449.371
595.0000	-54.0676	449.242
594.9000	-54.0467	449.113
594.8000	-54.0551	448.981
594.7000	-54.031	448.846
594.6000	-54.0148	448.714
594.5000	-54.0482	448.518
594.4000	-54.0779	448.298
594.3000	-54.171	448.062
594.2000	-54.294	447.81
594.1000	-54.407	447.551
594.0000	-54.4948	447.294
593.9000	-54.4842	447.044
593.8000	-54.4021	446.821
593.7000	-54.1386	446.631
593.6000	-53.9183	446.451
593.5000	-53.8006	446.281
593.4000	-53.6344	446.115
593.3000	-53.447	445.951
593.2000	-53.2981	445.789
593.1000	-53.149	445.621
593.0000	-53.1291	445.455
592.9000	-53.1348	445.289
592.8000	-53.1431	445.119
592.7000	-53.2218	444.954
592.6000	-53.4217	444.785
592.5000	-53.5547	444.621
592.4000	-53.728	444.451
592.3000	-53.8365	444.289
592.2000	-53.7924	444.128
592.1000	-53.6773	443.969
592.0000	-53.6281	443.802
591.9000	-53.5613	443.644
591.8000	-53.5076	443.437
591.7000	-53.4746	443.207
591.6000	-53.4907	442.958
591.5000	-53.5539	442.702
591.4000	-53.6231	442.445
591.3000	-53.7689	442.184
591.2000	-53.8486	441.922
591.1000	-53.8162	441.71
591.0000	-53.6974	441.532
590.9000	-53.5197	441.375
590.8000	-53.3956	441.229
590.7000	-53.316	441.091
590.6000	-53.3134	440.954
590.5000	-53.3551	440.814
590.4000	-53.4625	440.676
590.3000	-53.6451	440.54
590.2000	-53.8631	440.399
590.1000	-53.9939	440.264
590.0000	-54.1674	440.129
589.9000	-54.3552	439.994
589.8000	-54.4362	439.861
589.7000	-54.4869	439.735
589.6000	-54.4641	439.607
589.5000	-54.4044	439.48
589.4000	-54.2875	439.357
589.3000	-54.1804	439.231
589.2000	-54.0354	439.043
589.1000	-53.8985	438.821
589.0000	-53.5905	438.595
588.9000	-53.2672	438.358
588.8000	-53.1962	438.115
588.7000	-53.1885	437.869
588.6000	-53.1142	437.624
588.5000	-53.0873	437.375
588.4000	-53.1056	437.161
588.3000	-53.0924	436.982
588.2000	-53.0969	436.824
588.1000	-53.1034	436.672
588.0000	-53.1782	436.524
587.9000	-53.2067	436.38
587.8000	-53.2745	436.233
587.7000	-53.3374	436.094
587.6000	-53.4078	435.954
587.5000	-53.5423	435.811
587.4000	-53.6261	435.674
587.3000	-53.6854	435.533
587.2000	-53.6594	435.391
587.1000	-53.7379	435.25
587.0000	-53.7165	435.107
586.9000	-53.6446	434.968
586.8000	-53.5885	434.828
586.7000	-53.473	434.66
586.6000	-53.3965	434.458
586.5000	-53.3188	434.244
586.4000	-53.3099	434.02
586.3000	-53.326	433.792
586.2000	-53.4029	433.56
586.1000	-53.4521	433.326
586.0000	-53.5501	433.092
585.9000	-53.7339	432.855
585.8000	-53.9132	432.672
585.7000	-54.0444	432.529
585.6000	-54.2119	432.396
585.5000	-54.3369	432.27
585.4000	-54.4058	432.149
585.3000	-54.4562	432.031
585.2000	-54.6263	431.913
585.1000	-54.7494	431.797
585.0000	-54.8039	431.682
584.9000	-54.9002	431.566
584.8000	-54.9717	431.451
584.7000	-55.0929	431.338
584.6000	-55.1653	431.228
584.5000	-55.1451	431.118
584.4000	-55.0893	431.01
584.3000	-55.0771	430.9
584.2000	-55.1124	430.728
584.1000	-55.1119	430.526
584.0000	-55.1634	430.306
583.9000	-55.2336	430.079
583.8000	-55.3344	429.846
583.7000	-55.3212	429.61
583.6000	-55.2416	429.374
583.5000	-55.2282	429.136
583.4000	-55.2587	428.898
583.3000	-55.3418	428.681
583.2000	-55.3885	428.5
583.1000	-55.3913	428.333
583.0000	-55.4245	428.173
582.9000	-55.4783	428.017
582.8000	-55.5366	427.865
582.7000	-55.624	427.715
582.6000	-55.6565	427.567
582.5000	-55.6023	427.419
582.4000	-55.4769	427.273
582.3000	-55.2337	427.128
582.2000	-55.0437	426.982
582.1000	-54.9116	426.835
582.0000	-54.7774	426.69
581.9000	-54.6876	426.545
581.8000	-54.5399	426.367
581.7000	-54.4511	426.158
581.6000	-54.4045	425.929
581.5000	-54.3131	425.694
581.4000	-54.2066	425.453
581.3000	-54.0466	425.206
581.2000	-53.8899	424.959
581.1000	-53.7256	424.709
581.0000	-53.6063	424.457
580.9000	-53.587	424.205
580.8000	-53.6425	424.005
580.7000	-53.6915	423.844
580.6000	-53.6439	423.699
580.5000	-53.6059	423.565
580.4000	-53.507	423.437
580.3000	-53.3453	423.313
580.2000	-53.2348	423.191
580.1000	-53.1116	423.068
580.0000	-52.9324	422.946
579.9000	-52.798	422.823
579.8000	-52.6872	422.702
579.7000	-52.6123	422.58
579.6000	-52.5052	422.459
579.5000	-52.3459	422.335
579.4000	-52.213	422.147
579.3000	-52.0755	421.932
579.2000	-52.0222	421.709
579.1000	-52.0046	421.479
579.0000	-52.0053	421.243
578.9000	-52.1615	421.002
578.8000	-52.3574	420.762
578.7000	-52.6081	420.523
578.6000	-52.8651	420.283
578.5000	-53.0387	420.042
578.4000	-53.1797	419.828
578.3000	-53.2644	419.651
578.2000	-53.3423	419.49
578.1000	-53.3895	419.339
578.0000	-53.4891	419.191
577.9000	-53.6056	419.048
577.8000	-53.6868	418.906
577.7000	-53.724	418.765
577.6000	-53.7201	418.627
577.5000	-53.6078	418.492
577.4000	-53.4108	418.356
577.3000	-53.187	418.221
577.2000	-53.0229	418.087
577.1000	-52.8699	417.921
577.0000	-52.7936	417.723
576.9000	-52.8811	417.515
576.8000	-53.0319	417.3
576.7000	-53.1806	417.08
576.6000	-53.3274	416.859
576.5000	-53.3814	416.635
576.4000	-53.4449	416.411
576.3000	-53.4248	416.186
576.2000	-53.4177	415.961
576.1000	-53.4927	415.74
576.0000	-53.5442	415.571
575.9000	-53.5448	415.439
575.8000	-53.5377	415.319
575.7000	-53.4924	415.202
575.6000	-53.4697	415.092
575.5000	-53.416	414.987
575.4000	-53.3452	414.88
575.3000	-53.2072	414.772
575.2000	-53.0472	414.665
575.1000	-52.9072	414.554
575.0000	-52.7782	414.446
574.9000	-52.6526	414.267
574.8000	-52.5159	414.066
574.7000	-52.3722	413.849
574.6000	-52.1803	413.627
574.5000	-52.0058	413.399
574.4000	-51.8797	413.168
574.3000	-51.8098	412.938
574.2000	-51.772	412.706
574.1000	-51.7435	412.471
574.0000	-51.7647	412.237
573.9000	-51.8024	412.003
573.8000	-51.8561	411.769
573.7000	-51.8893	411.56
573.6000	-51.9241	411.385
573.5000	-51.8758	411.223
573.4000	-51.8132	411.07
573.3000	-51.7461	410.922
573.2000	-51.6904	410.777
573.1000	-51.7012	410.636
573.0000	-51.6841	410.495
572.9000	-51.7365	410.354
572.8000	-51.7823	410.212
572.7000	-51.8418	410.068
572.6000	-51.8317	409.889
572.5000	-51.805	409.67
572.4000	-51.7749	409.436
572.3000	-51.7333	409.199
572.2000	-51.7523	408.956
572.1000	-51.7983	408.715
572.0000	-51.7966	408.476
571.9000	-51.7872	408.233
571.8000	-51.7358	407.99
571.7000	-51.6601	407.745
571.6000	-51.5685	407.499
571.5000	-51.4782	407.313
571.4000	-51.4176	407.161
571.3000	-51.396	407.024
571.2000	-51.3656	406.895
571.1000	-51.2714	406.769
571.0000	-51.2094	406.646
570.9000	-51.1543	406.525
570.8000	-51.1472	406.405
570.7000	-51.1558	406.286
570.6000	-51.1085	406.168
570.5000	-51.1206	405.992
570.4000	-51.1744	405.797
570.3000	-51.2305	405.593
570.2000	-51.2247	405.383
570.1000	-51.2269	405.168
570.0000	-51.1461	404.952
569.9000	-51.1011	404.733
569.8000	-51.0569	404.514
569.7000	-51.0198	404.292
569.6000	-50.9826	404.071
569.5000	-50.9363	403.852
569.4000	-50.8831	403.633
569.3000	-50.8161	403.416
569.2000	-50.7528	403.229
569.1000	-50.7146	403.083
569.0000	-50.7051	402.954
568.9000	-50.6717	402.834
568.8000	-50.5676	402.715
568.7000	-50.4537	402.599
568.6000	-50.3577	402.483
568.5000	-50.3167	402.369
568.4000	-50.2715	402.259
568.3000	-50.2952	402.121
568.2000	-50.2949	401.954
568.1000	-50.2993	401.774
568.0000	-50.2411	401.587
567.9000	-50.1174	401.397
567.8000	-50.0517	401.206
567.7000	-50.0436	401.017
567.6000	-49.9653	400.827
567.5000	-49.8824	400.635
567.4000	-49.7771	400.443
567.3000	-49.6687	400.25
567.2000	-49.6008	400.057
567.1000	-49.535	399.911
567.0000	-49.373	399.793
566.9000	-49.2046	399.686
566.8000	-49.066	399.584
566.7000	-48.972	399.488
566.6000	-48.8909	399.394
566.5000	-48.7506	399.299
566.4000	-48.5703	399.205
566.3000	-48.4422	399.112
566.2000	-48.3307	398.959
566.1000	-48.2283	398.778
566.0000	-48.1458	398.583
565.9000	-48.0207	398.381
565.8000	-47.9171	398.173
565.7000	-47.8438	397.964
565.6000	-47.7375	397.754
565.5000	-47.6778	397.541
565.4000	-47.6861	397.329
565.3000	-47.6991	397.117
565.2000	-47.7005	396.903
565.1000	-47.7085	396.689
565.0000	-47.7491	396.472
564.9000	-47.7576	396.277
564.8000	-47.7297	396.114
564.7000	-47.6626	395.963
564.6000	-47.5719	395.818
564.5000	-47.57	395.674
564.4000	-47.6041	395.532
564.3000	-47.6063	395.39
564.2000	-47.6235	395.219
564.1000	-47.6492	395.016
564.0000	-47.6922	394.8
563.9000	-47.7618	394.576
563.8000	-47.8771	394.349
563.7000	-47.9627	394.119
563.6000	-48.0155	393.888
563.5000	-48.0684	393.654
563.4000	-48.1073	393.42
563.3000	-48.0813	393.185
563.2000	-48.0591	392.951
563.1000	-48.0783	392.718
563.0000	-48.1713	392.488
562.9000	-48.1983	392.259
562.8000	-48.2041	392.077
562.7000	-48.2357	391.93
562.6000	-48.317	391.796
562.5000	-48.4445	391.67
562.4000	-48.564	391.551
562.3000	-48.6493	391.435
562.2000	-48.671	391.268
562.1000	-48.6791	391.08
562.0000	-48.7052	390.882
561.9000	-48.6703	390.679
561.8000	-48.631	390.47
561.7000	-48.5259	390.262
561.6000	-48.4069	390.056
561.5000	-48.2968	389.849
561.4000	-48.2202	389.641
561.3000	-48.181	389.434
561.2000	-48.1052	389.226
561.1000	-47.9922	389.018
561.0000	-47.84	388.813
560.9000	-47.663	388.607
560.8000	-47.5356	388.425
560.7000	-47.4046	388.279
560.6000	-47.2961	388.149
560.5000	-47.1699	388.027
560.4000	-47.0393	387.909
560.3000	-46.8518	387.793
560.2000	-46.7079	387.652
560.1000	-46.5377	387.486
560.0000	-46.3964	387.308
559.9000	-46.2572	387.125
559.8000	-46.2249	386.937
559.7000	-46.2648	386.746
559.6000	-46.2329	386.553
559.5000	-46.2312	386.358
559.4000	-46.1763	386.165
559.3000	-46.1088	385.972
559.2000	-46.0131	385.78
559.1000	-45.8508	385.587
559.0000	-45.7392	385.394
558.9000	-45.682	385.201
558.8000	-45.6058	385.054
558.7000	-45.4834	384.933
558.6000	-45.2561	384.824
558.5000	-45.0971	384.723
558.4000	-44.9715	384.628
558.3000	-44.8495	384.533
558.2000	-44.7245	384.377
558.1000	-44.6134	384.194
558.0000	-44.5215	384.003
557.9000	-44.4491	383.805
557.8000	-44.416	383.608
557.7000	-44.3879	383.412
557.6000	-44.3713	383.211
557.5000	-44.4148	383.008
557.4000	-44.4654	382.805
557.3000	-44.4932	382.6
557.2000	-44.5281	382.395
557.1000	-44.5286	382.189
557.0000	-44.5221	381.983
556.9000	-44.5046	381.775
556.8000	-44.4766	381.587
556.7000	-44.4634	381.43
556.6000	-44.4344	381.287
556.5000	-44.4638	381.147
556.4000	-44.4605	381.011
556.3000	-44.396	380.852
556.2000	-44.382	380.665
556.1000	-44.2955	380.467
556.0000	-44.2398	380.262
555.9000	-44.1948	380.054
555.8000	-44.1264	379.844
555.7000	-44.0401	379.632
555.6000	-43.8612	379.419
555.5000	-43.6653	379.204
555.4000	-43.5574	378.986
555.3000	-43.5236	378.769
555.2000	-43.5806	378.552
555.1000	-43.5698	378.332
555.0000	-43.522	378.114
554.9000	-43.4921	377.894
554.8000	-43.5077	377.725
554.7000	-43.4818	377.592
554.6000	-43.4569	377.473
554.5000	-43.3816	377.361
554.4000	-43.3644	377.201
554.3000	-43.3427	377.021
554.2000	-43.3067	376.834
554.1000	-43.2461	376.646
554.0000	-43.1932	376.456
553.9000	-43.1007	376.267
553.8000	-42.9762	376.079
553.7000	-42.8533	375.889
553.6000	-42.6767	375.7
553.5000	-42.4914	375.51
553.4000	-42.3458	375.319
553.3000	-42.1905	375.126
553.2000	-42.0621	374.932
553.1000	-41.9263	374.738
553.0000	-41.7278	374.547
552.9000	-41.5511	374.376
552.8000	-41.3681	374.239
552.7000	-41.2544	374.115
552.6000	-41.1215	373.997
552.5000	-40.9499	373.858
552.4000	-40.7679	373.697
552.3000	-40.6142	373.53
552.2000	-40.5422	373.36
552.1000	-40.4549	373.187
552.0000	-40.348	373.013
551.9000	-40.2063	372.837
551.8000	-40.013	372.662
551.7000	-39.8464	372.487
551.6000	-39.7034	372.31
551.5000	-39.5649	372.135
551.4000	-39.3848	371.962
551.3000	-39.2621	371.789
551.2000	-39.1557	371.615
551.1000	-39.0941	371.442
551.0000	-38.9591	371.314
550.9000	-38.8024	371.212
550.8000	-38.6415	371.119
550.7000	-38.4998	371.028
550.6000	-38.3389	370.88
550.5000	-38.2292	370.707
550.4000	-38.0954	370.525
550.3000	-37.9621	370.336
550.2000	-37.8577	370.144
550.1000	-37.7989	369.951
550.0000	-37.731	369.761
549.9000	-37.6656	369.572
549.8000	-37.5786	369.383
549.7000	-37.4911	369.194
549.6000	-37.4237	369.004
549.5000	-37.3646	368.816
549.4000	-37.3217	368.627
549.3000	-37.2607	368.438
549.2000	-37.2428	368.25
549.1000	-37.2147	368.082
549.0000	-37.212	367.943
548.9000	-37.1927	367.816
548.8000	-37.1604	367.666
548.7000	-37.1211	367.493
548.6000	-37.0858	367.315
548.5000	-37.048	367.13
548.4000	-37.0621	366.942
548.3000	-37.0737	366.753
548.2000	-37.0849	366.563
548.1000	-37.0646	366.371
548.0000	-37.0829	366.179
547.9000	-37.0669	365.983
547.8000	-37.07	365.788
547.7000	-37.0442	365.592
547.6000	-37.0294	365.394
547.5000	-37.002	365.193
547.4000	-37.005	364.994
547.3000	-37.0089	364.798
547.2000	-36.9811	364.654
547.1000	-36.9299	364.54
547.0000	-36.895	364.391
546.9000	-36.866	364.228
546.8000	-36.8448	364.061
546.7000	-36.8352	363.891
546.6000	-36.8715	363.719
546.5000	-36.9208	363.545
546.4000	-36.9742	363.373
546.3000	-36.9933	363.201
546.2000	-37.0152	363.03
546.1000	-37.0001	362.857
546.0000	-36.9491	362.684
545.9000	-36.8946	362.51
545.8000	-36.7909	362.335
545.7000	-36.7201	362.16
545.6000	-36.6438	361.983
545.5000	-36.5718	361.805
545.4000	-36.5006	361.648
545.3000	-36.4226	361.522
545.2000	-36.333	361.386
545.1000	-36.2466	361.238
545.0000	-36.1669	361.081
544.9000	-36.0737	360.92
544.8000	-35.9727	360.758
544.7000	-35.8925	360.594
544.6000	-35.797	360.43
544.5000	-35.6864	360.266
544.4000	-35.5172	360.101
544.3000	-35.366	359.935
544.2000	-35.2548	359.768
544.1000	-35.1769	359.603
544.0000	-35.0987	359.441
543.9000	-35.0413	359.278
543.8000	-35.0149	359.115
543.7000	-34.9627	358.953
543.6000	-34.9277	358.828
543.5000	-34.906	358.676
543.4000	-34.8798	358.511
543.3000	-34.8131	358.342
543.2000	-34.667	358.168
543.1000	-34.4843	357.992
543.0000	-34.3418	357.817
542.9000	-34.2178	357.64
542.8000	-34.1144	357.465
542.7000	-34.0614	357.289
542.6000	-33.9963	357.113
542.5000	-33.8616	356.935
542.4000	-33.728	356.758
542.3000	-33.5973	356.582
542.2000	-33.5167	356.407
542.1000	-33.3962	356.232
542.0000	-33.2786	356.056
541.9000	-33.1825	355.88
541.8000	-33.0752	355.721
541.7000	-32.9796	355.56
541.6000	-32.8762	355.389
541.5000	-32.8	355.212
541.4000	-32.6931	355.034
541.3000	-32.5573	354.857
541.2000	-32.3846	354.684
541.1000	-32.2333	354.512
541.0000	-32.0812	354.34
540.9000	-31.9532	354.167
540.8000	-31.8535	353.998
540.7000	-31.7554	353.828
540.6000	-31.6369	353.655
540.5000	-31.4503	353.483
540.4000	-31.2709	353.312
540.3000	-31.1072	353.142
540.2000	-30.9245	352.975
540.1000	-30.7252	352.854
540.0000	-30.544	352.721
539.9000	-30.3918	352.581
539.8000	-30.2883	352.439
539.7000	-30.1926	352.295
539.6000	-30.0905	352.149
539.5000	-29.9667	352.002
539.4000	-29.8507	351.855
539.3000	-29.6887	351.705
539.2000	-29.5129	351.558
539.1000	-29.395	351.411
539.0000	-29.3185	351.265
538.9000	-29.2446	351.119
538.8000	-29.101	350.972
538.7000	-28.9649	350.825
538.6000	-28.7805	350.678
538.5000	-28.6114	350.531
538.4000	-28.4261	350.384
538.3000	-28.2498	350.256
538.2000	-28.0498	350.137
538.1000	-27.8214	350.007
538.0000	-27.6451	349.872
537.9000	-27.5038	349.734
537.8000	-27.4133	349.591
537.7000	-27.296	349.443
537.6000	-27.1745	349.297
537.5000	-27.0295	349.15
537.4000	-26.8456	349.002
537.3000	-26.6527	348.854
537.2000	-26.495	348.708
537.1000	-26.3785	348.563
537.0000	-26.2763	348.414
536.9000	-26.1566	348.264
536.8000	-26.0688	348.114
536.7000	-25.9609	347.964
536.6000	-25.8459	347.849
536.5000	-25.7301	347.71
536.4000	-25.5854	347.558
536.3000	-25.4684	347.401
536.2000	-25.3377	347.241
536.1000	-25.2211	347.08
536.0000	-25.0722	346.917
535.9000	-24.9316	346.754
535.8000	-24.7884	346.593
535.7000	-24.6678	346.433
535.6000	-24.5047	346.272
535.5000	-24.3312	346.109
535.4000	-24.2029	345.946
535.3000	-24.0585	345.781
535.2000	-23.9929	345.617
535.1000	-23.9486	345.453
535.0000	-23.9595	345.29
534.9000	-24.019	345.127
534.8000	-24.0517	344.955
534.7000	-24.0536	344.788
534.6000	-24.0079	344.625
534.5000	-23.9312	344.462
534.4000	-23.8418	344.3
534.3000	-23.7654	344.14
534.2000	-23.7311	343.983
534.1000	-23.6931	343.828
534.0000	-23.6377	343.674
533.9000	-23.5789	343.518
533.8000	-23.4793	343.361
533.7000	-23.3787	343.202
533.6000	-23.286	343.044
533.5000	-23.1788	342.888
533.4000	-23.0846	342.733
533.3000	-23.0328	342.58
533.2000	-22.9768	342.425
533.1000	-22.9192	342.274
533.0000	-22.825	342.133
532.9000	-22.725	341.996
532.8000	-22.6355	341.861
532.7000	-22.5603	341.727
532.6000	-22.462	341.594
532.5000	-22.3541	341.458
532.4000	-22.2752	341.32
532.3000	-22.1976	341.183
532.2000	-22.1556	341.045
532.1000	-22.1248	340.908
532.0000	-22.0606	340.774
531.9000	-22.0074	340.642
531.8000	-21.9432	340.512
531.7000	-21.8001	340.381
531.6000	-21.6136	340.25
531.5000	-21.4109	340.117
531.4000	-21.2431	339.986
531.3000	-21.1291	339.86
531.2000	-21.0303	339.733
531.1000	-20.9546	339.607
531.0000	-20.884	339.478
530.9000	-20.7874	339.347
530.8000	-20.655	339.212
530.7000	-20.5003	339.073
530.6000	-20.3552	338.932
530.5000	-20.2125	338.788
530.4000	-20.0746	338.641
530.3000	-19.9209	338.496
530.2000	-19.7688	338.351
530.1000	-19.6597	338.207
530.0000	-19.5168	338.061
529.9000	-19.3323	337.914
529.8000	-19.1435	337.769
529.7000	-18.9631	337.613
529.6000	-18.8053	337.457
529.5000	-18.6336	337.302
529.4000	-18.4508	337.149
529.3000	-18.2476	336.997
529.2000	-18.0865	336.845
529.1000	-17.9367	336.694
529.0000	-17.7822	336.545
528.9000	-17.6044	336.398
528.8000	-17.3631	336.252
528.7000	-17.1147	336.108
528.6000	-16.8965	335.962
528.5000	-16.6972	335.818
528.4000	-16.5023	335.673
528.3000	-16.3507	335.529
528.2000	-16.2088	335.382
528.1000	-16.0474	335.237
528.0000	-15.8399	335.09
527.9000	-15.6023	334.946
527.8000	-15.4062	334.804
527.7000	-15.2391	334.659
527.6000	-15.0689	334.518
527.5000	-14.9359	334.376
527.4000	-14.8202	334.238
527.3000	-14.749	334.102
527.2000	-14.6816	333.97
527.1000	-14.6421	333.838
527.0000	-14.5923	333.709
526.9000	-14.5376	333.582
526.8000	-14.4537	333.456
526.7000	-14.3068	333.328
526.6000	-14.1697	333.2
526.5000	-14.0731	333.07
526.4000	-14.0094	332.937
526.3000	-13.9185	332.811
526.2000	-13.8492	332.695
526.1000	-13.7342	332.583
526.0000	-13.6285	332.469
525.9000	-13.5645	332.356
525.8000	-13.5135	332.24
525.7000	-13.4747	332.125
525.6000	-13.3882	332.008
525.5000	-13.2924	331.888
525.4000	-13.2326	331.765
525.3000	-13.1554	331.64
525.2000	-13.0531	331.518
525.1000	-12.9362	331.393
525.0000	-12.8134	331.268
524.9000	-12.7026	331.14
524.8000	-12.6036	331.013
524.7000	-12.5071	330.87
524.6000	-12.4182	330.725
524.5000	-12.348	330.589
524.4000	-12.2427	330.457
524.3000	-12.0955	330.331
524.2000	-11.952	330.206
524.1000	-11.7702	330.085
524.0000	-11.5825	329.966
523.9000	-11.3825	329.848
523.8000	-11.1755	329.728
523.7000	-10.9299	329.609
523.6000	-10.671	329.489
523.5000	-10.4249	329.37
523.4000	-10.1605	329.25
523.3000	-9.94134	329.131
523.2000	-9.74387	329.011
523.1000	-9.50536	328.894
523.0000	-9.22495	328.738
522.9000	-8.94198	328.59
522.8000	-8.67301	328.449
522.7000	-8.47372	328.31
522.6000	-8.29202	328.171
522.5000	-8.07902	328.032
522.4000	-7.82567	327.894
522.3000	-7.58681	327.758
522.2000	-7.36398	327.625
522.1000	-7.15697	327.495
522.0000	-6.9541	327.366
521.9000	-6.7538	327.239
521.8000	-6.56283	327.11
521.7000	-6.39197	326.984
521.6000	-6.20067	326.858
521.5000	-6.00064	326.734
521.4000	-5.80943	326.595
521.3000	-5.60904	326.45
521.2000	-5.41514	326.315
521.1000	-5.22488	326.186
521.0000	-5.04586	326.061
520.9000	-4.90046	325.934
520.8000	-4.73571	325.808
520.7000	-4.56524	325.683
520.6000	-4.40449	325.556
520.5000	-4.20186	325.43
520.4000	-3.98517	325.303
520.3000	-3.79935	325.178
520.2000	-3.63088	325.054
520.1000	-3.47054	324.93
520.0000	-3.36811	324.808
519.9000	-3.26923	324.683
519.8000	-3.15928	324.533
519.7000	-3.06228	324.369
519.6000	-2.97561	324.235
519.5000	-2.87053	324.117
519.4000	-2.72244	324.007
519.3000	-2.52929	323.902
519.2000	-2.3151	323.798
519.1000	-2.06992	323.698
519.0000	-1.86315	323.598
518.9000	-1.65161	323.498
518.8000	-1.43558	323.399
518.7000	-1.23879	323.302
518.6000	-1.05992	323.203
518.5000	-0.897735	323.104
518.4000	-0.757426	323.006
518.3000	-0.630945	322.906
518.2000	-0.510395	322.804
518.1000	-0.404775	322.686
518.0000	-0.273943	322.565
517.9000	-0.120789	322.459
517.8000	0.0241101	322.355
517.7000	0.153005	322.255
517.6000	0.284463	322.155
517.5000	0.449955	322.058
517.4000	0.568956	321.961
517.3000	0.672042	321.865
517.2000	0.774175	321.769
517.1000	0.847608	321.671
517.0000	0.936091	321.572
516.9000	1.04743	321.472
516.8000	1.15171	321.37
516.7000	1.26013	321.27
516.6000	1.41686	321.167
516.5000	1.61576	321.034
516.4000	1.8281	320.905
516.3000	2.01944	320.787
516.2000	2.193	320.667
516.1000	2.36702	320.551
516.0000	2.49231	320.437
515.9000	2.57191	320.321
515.8000	2.65181	320.207
515.7000	2.72521	320.093
515.6000	2.83232	319.978
515.5000	2.97004	319.867
515.4000	3.0818	319.753
515.3000	3.18918	319.636
515.2000	3.29608	319.521
515.1000	3.40885	319.406
515.0000	3.54144	319.29
514.9000	3.71286	319.16
514.8000	3.87192	319.014
514.7000	4.0665	318.873
514.6000	4.25145	318.745
514.5000	4.42758	318.62
514.4000	4.59728	318.502
514.3000	4.79653	318.385
514.2000	4.99547	318.27
514.1000	5.19419	318.156
514.0000	5.39804	318.041
513.9000	5.60272	317.928
513.8000	5.84212	317.815
513.7000	6.07592	317.702
513.6000	6.27261	317.59
513.5000	6.45179	317.481
513.4000	6.64422	317.374
513.3000	6.81826	317.238
513.2000	6.99222	317.091
513.1000	7.15697	316.966
513.0000	7.30455	316.86
512.9000	7.45451	316.763
512.8000	7.63553	316.672
512.7000	7.80928	316.584
512.6000	8.03471	316.496
512.5000	8.29756	316.409
512.4000	8.56882	316.32
512.3000	8.82441	316.232
512.2000	9.04468	316.146
512.1000	9.2198	316.061
512.0000	9.41142	315.974
511.9000	9.60743	315.887
511.8000	9.8258	315.8
511.7000	10.0266	315.7
511.6000	10.2235	315.588
511.5000	10.4373	315.482
511.4000	10.6675	315.391
511.3000	10.8888	315.308
511.2000	11.1118	315.229
511.1000	11.3225	315.152
511.0000	11.5406	315.075
510.9000	11.7384	314.995
510.8000	11.9323	314.916
510.7000	12.1085	314.836
510.6000	12.2985	314.755
510.5000	12.4853	314.676
510.4000	12.6448	314.597
510.3000	12.8053	314.518
510.2000	12.9585	314.439
510.1000	13.0964	314.332
510.0000	13.234	314.21
509.9000	13.4162	314.105
509.8000	13.6015	314.008
509.7000	13.7825	313.914
509.6000	13.977	313.821
509.5000	14.1621	313.725
509.4000	14.3138	313.629
509.3000	14.4401	313.53
509.2000	14.5262	313.43
509.1000	14.6195	313.33
509.0000	14.6994	313.233
508.9000	14.804	313.138
508.8000	14.9098	313.041
508.7000	15.049	312.946
508.6000	15.1796	312.853
508.5000	15.3145	312.749
508.4000	15.4283	312.63
508.3000	15.5571	312.515
508.2000	15.6845	312.411
508.1000	15.7752	312.31
508.0000	15.8637	312.208
507.9000	15.9588	312.107
507.8000	16.067	312.006
507.7000	16.1725	311.905
507.6000	16.2493	311.803
507.5000	16.3366	311.702
507.4000	16.4342	311.6
507.3000	16.5351	311.499
507.2000	16.668	311.397
507.1000	16.8052	311.294
507.0000	16.9507	311.168
506.9000	17.1244	311.03
506.8000	17.2883	310.887
506.7000	17.4585	310.763
506.6000	17.6043	310.656
506.5000	17.7308	310.554
506.4000	17.8442	310.455
506.3000	17.9532	310.36
506.2000	18.0686	310.264
506.1000	18.2027	310.169
506.0000	18.3467	310.075
505.9000	18.5259	309.981
505.8000	18.7148	309.887
505.7000	18.8931	309.794
505.6000	19.0706	309.701
505.5000	19.2364	309.609
505.4000	19.3995	309.506
505.3000	19.5483	309.387
505.2000	19.7071	309.261
505.1000	19.8697	309.141
505.0000	20.0644	309.035
504.9000	20.2593	308.935
504.8000	20.4374	308.838
504.7000	20.6229	308.742
504.6000	20.8038	308.65
504.5000	20.9817	308.561
504.4000	21.1471	308.471
504.3000	21.3347	308.383
504.2000	21.5577	308.293
504.1000	21.7764	308.205
504.0000	21.986	308.119
503.9000	22.1889	308.006
503.8000	22.378	307.879
503.7000	22.5616	307.747
503.6000	22.7562	307.632
503.5000	22.917	307.53
503.4000	23.0696	307.434
503.3000	23.2277	307.343
503.2000	23.4162	307.255
503.1000	23.6017	307.169
503.0000	23.7882	307.084
502.9000	23.9813	307.003
502.8000	24.1616	306.924
502.7000	24.317	306.847
502.6000	24.4834	306.769
502.5000	24.6615	306.692
502.4000	24.8284	306.616
502.3000	24.9896	306.53
502.2000	25.1546	306.43
502.1000	25.3546	306.325
502.0000	25.5676	306.223
501.9000	25.7803	306.134
501.8000	25.9829	306.05
501.7000	26.1917	305.971
501.6000	26.3988	305.892
501.5000	26.5874	305.816
501.4000	26.8013	305.74
501.3000	27.0053	305.665
501.2000	27.1949	305.589
501.1000	27.3679	305.512
501.0000	27.5381	305.434
500.9000	27.6745	305.358
500.8000	27.8241	305.263
500.7000	27.9874	305.155
500.6000	28.1396	305.031
500.5000	28.2769	304.93
500.4000	28.4116	304.842
500.3000	28.5603	304.758
500.2000	28.691	304.676
500.1000	28.8156	304.596
500.0000	28.9623	304.518
499.9000	29.1273	304.44
499.8000	29.2971	304.359
499.7000	29.4646	304.273
499.6000	29.6519	304.185
499.5000	29.846	304.096
499.4000	30.0428	304.006
499.3000	30.2355	303.91
499.2000	30.4328	303.801
499.1000	30.6119	303.686
499.0000	30.805	303.568
498.9000	30.9926	303.457
498.8000	31.1957	303.36
498.7000	31.3425	303.269
498.6000	31.4924	303.179
498.5000	31.6788	303.091
498.4000	31.8624	303.003
498.3000	32.028	302.916
498.2000	32.1682	302.828
498.1000	32.322	302.736
498.0000	32.4745	302.642
497.9000	32.6416	302.548
497.8000	32.835	302.454
497.7000	33.0161	302.335
497.6000	33.1999	302.202
497.5000	33.4028	302.061
497.4000	33.5967	301.933
497.3000	33.7725	301.817
497.2000	33.9523	301.715
497.1000	34.1371	301.615
497.0000	34.3442	301.514
496.9000	34.538	301.412
496.8000	34.7424	301.31
496.7000	34.9479	301.206
496.6000	35.1689	301.1
496.5000	35.3825	300.992
496.4000	35.5816	300.882
496.3000	35.7658	300.772
496.2000	35.9369	300.652
496.1000	36.0946	300.518
496.0000	36.2294	300.374
495.9000	36.4021	300.227
495.8000	36.5661	300.086
495.7000	36.7216	299.947
495.6000	36.8664	299.81
495.5000	37.0035	299.672
495.4000	37.1409	299.528
495.3000	37.2832	299.38
495.2000	37.4164	299.228
495.1000	37.5197	299.075
495.0000	37.6359	298.919
494.9000	37.7894	298.76
494.8000	37.9719	298.598
494.7000	38.1514	298.414
494.6000	38.3254	298.216
494.5000	38.5041	298.01
494.4000	38.6535	297.797
494.3000	38.8081	297.602
494.2000	38.9582	297.416
494.1000	39.1234	297.232
494.0000	39.2791	297.046
493.9000	39.4576	296.858
493.8000	39.6336	296.668
493.7000	39.8074	296.476
493.6000	39.9769	296.282
493.5000	40.1475	296.089
493.4000	40.3155	295.897
493.3000	40.4938	295.707
493.2000	40.6579	295.509
493.1000	40.8177	295.304
493.0000	40.9639	295.096
492.9000	41.1141	294.891
492.8000	41.2845	294.7
492.7000	41.4604	294.53
492.6000	41.6842	294.375
492.5000	41.8815	294.237
492.4000	42.0775	294.112
492.3000	42.2711	294.001
492.2000	42.4659	293.904
492.1000	42.6637	293.82
492.0000	42.8558	293.753
491.9000	43.062	293.698
491.8000	43.2777	293.656
491.7000	43.4938	293.602
491.6000	43.7012	293.546
491.5000	43.8911	293.492
491.4000	44.0699	293.445
491.3000	44.2667	293.423
491.2000	44.4715	293.421
491.1000	44.6614	293.431
491.0000	44.8511	293.45
490.9000	45.0628	293.476
490.8000	45.2765	293.509
490.7000	45.4745	293.547
490.6000	45.671	293.592
490.5000	45.863	293.643
490.4000	46.0489	293.692
490.3000	46.2443	293.734
490.2000	46.4165	293.774
490.1000	46.5988	293.812
490.0000	46.7888	293.849
489.9000	46.9548	293.885
489.8000	47.1338	293.928
489.7000	47.3263	293.979
489.6000	47.535	294.034
489.5000	47.7662	294.09
489.4000	47.9551	294.145
489.3000	48.1242	294.196
489.2000	48.2693	294.242
489.1000	48.4218	294.26
489.0000	48.588	294.258
488.9000	48.7613	294.243
488.8000	48.9474	294.214
488.7000	49.1396	294.174
488.6000	49.3124	294.121
488.5000	49.4686	294.06
488.4000	49.6258	293.99
488.3000	49.7848	293.935
488.2000	49.973	293.886
488.1000	50.1616	293.839
488.0000	50.3416	293.788
487.9000	50.514	293.734
487.8000	50.6532	293.667
487.7000	50.7844	293.586
487.6000	50.9231	293.499
487.5000	51.0694	293.409
487.4000	51.2271	293.314
487.3000	51.42	293.216
487.2000	51.6218	293.115
487.1000	51.8005	293.011
487.0000	51.9812	292.909
486.9000	52.1848	292.814
486.8000	52.3933	292.722
486.7000	52.6034	292.632
486.6000	52.7999	292.542
486.5000	53.0142	292.451
486.4000	53.235	292.339
486.3000	53.4387	292.214
486.2000	53.6396	292.082
486.1000	53.8188	291.944
486.0000	54.0011	291.799
485.9000	54.1883	291.647
485.8000	54.3649	291.488
485.7000	54.5394	291.34
485.6000	54.713	291.199
485.5000	54.9042	291.06
485.4000	55.0761	290.922
485.3000	55.2565	290.781
485.2000	55.4438	290.638
485.1000	55.6208	290.491
485.0000	55.7978	290.341
484.9000	55.99	290.18
484.8000	56.183	290.008
484.7000	56.3875	289.827
484.6000	56.579	289.643
484.5000	56.768	289.459
484.4000	56.9706	289.28
484.3000	57.1783	289.112
484.2000	57.3901	288.948
484.1000	57.5883	288.788
484.0000	57.809	288.629
483.9000	58.0163	288.472
483.8000	58.2132	288.317
483.7000	58.4151	288.164
483.6000	58.6202	288.013
483.5000	58.8094	287.865
483.4000	59.0131	287.718
483.3000	59.212	287.557
483.2000	59.4068	287.388
483.1000	59.6038	287.217
483.0000	59.7954	287.059
482.9000	59.988	286.91
482.8000	60.1878	286.769
482.7000	60.4015	286.635
482.6000	60.6261	286.51
482.5000	60.8731	286.391
482.4000	61.1364	286.279
482.3000	61.3978	286.175
482.2000	61.642	286.079
482.1000	61.8596	285.992
482.0000	62.0803	285.918
481.9000	62.2945	285.852
481.8000	62.5116	285.796
481.7000	62.7382	285.751
481.6000	62.9754	285.717
481.5000	63.1977	285.701
481.4000	63.4053	285.707
481.3000	63.597	285.727
481.2000	63.7761	285.76
481.1000	63.9559	285.804
481.0000	64.13	285.858
480.9000	64.3065	285.919
480.8000	64.4784	285.984
480.7000	64.6511	286.053
480.6000	64.7912	286.125
480.5000	64.9301	286.202
480.4000	65.0744	286.283
480.3000	65.2443	286.368
480.2000	65.4173	286.456
480.1000	65.6064	286.545
480.0000	65.7906	286.639
479.9000	65.9519	286.75
479.8000	66.1302	286.876
479.7000	66.3125	287.009
479.6000	66.4679	287.148
479.5000	66.6291	287.292
479.4000	66.7823	287.437
479.3000	66.9158	287.584
479.2000	67.0329	287.731
479.1000	67.1465	287.877
479.0000	67.2633	288.022
478.9000	67.3942	288.165
478.8000	67.5502	288.306
478.7000	67.7192	288.443
478.6000	67.8931	288.574
478.5000	68.0607	288.696
478.4000	68.2315	288.813
478.3000	68.41	288.922
478.2000	68.569	289.023
478.1000	68.7103	289.115
478.0000	68.8491	289.196
477.9000	68.9845	289.269
477.8000	69.1514	289.331
477.7000	69.3146	289.385
477.6000	69.4825	289.429
477.5000	69.6462	289.467
477.4000	69.828	289.499
477.3000	70.0166	289.524
477.2000	70.2176	289.544
477.1000	70.419	289.559
477.0000	70.6215	289.569
476.9000	70.7899	289.575
476.8000	70.9585	289.575
476.7000	71.1291	289.571
476.6000	71.2964	289.561
476.5000	71.4849	289.543
476.4000	71.6882	289.517
476.3000	71.8796	289.482
476.2000	72.0832	289.437
476.1000	72.2817	289.382
476.0000	72.4793	289.315
475.9000	72.6733	289.236
475.8000	72.8755	289.14
475.7000	73.0583	289.027
475.6000	73.2191	288.896
475.5000	73.3387	288.749
475.4000	73.4352	288.582
475.3000	73.5325	288.397
475.2000	73.6011	288.193
475.1000	73.674	287.972
475.0000	73.7711	287.737
474.9000	73.8742	287.491
474.8000	74.0071	287.238
474.7000	74.1914	286.981
474.6000	74.411	286.726
474.5000	74.6586	286.476
474.4000	74.8959	286.239
474.3000	75.1267	286.018
474.2000	75.3774	285.817
474.1000	75.6219	285.639
474.0000	75.8475	285.484
473.9000	76.0434	285.352
473.8000	76.2207	285.241
473.7000	76.3843	285.148
473.6000	76.5377	285.068
473.5000	76.7185	284.996
473.4000	76.8788	284.93
473.3000	77.0351	284.869
473.2000	77.1979	284.807
473.1000	77.3577	284.74
473.0000	77.4833	284.671
472.9000	77.6092	284.6
472.8000	77.7571	284.531
472.7000	77.9288	284.467
472.6000	78.1095	284.409
472.5000	78.2925	284.357
472.4000	78.4737	284.314
472.3000	78.6881	284.28
472.2000	78.9102	284.259
472.1000	79.1631	284.25
472.0000	79.4329	284.257
471.9000	79.6978	284.275
471.8000	79.9673	284.306
471.7000	80.2215	284.348
471.6000	80.4536	284.398
471.5000	80.6989	284.453
471.4000	80.9041	284.512
471.3000	81.0843	284.571
471.2000	81.2405	284.622
471.1000	81.3786	284.648
471.0000	81.5145	284.648
470.9000	81.6568	284.622
470.8000	81.7856	284.567
470.7000	81.9263	284.485
470.6000	82.0656	284.375
470.5000	82.2139	284.239
470.4000	82.3924	284.077
470.3000	82.5649	283.893
470.2000	82.7424	283.684
470.1000	82.903	283.453
470.0000	83.0849	283.208
469.9000	83.2675	282.953
469.8000	83.4336	282.696
469.7000	83.6033	282.443
469.6000	83.7719	282.193
469.5000	83.9546	281.947
469.4000	84.1212	281.692
469.3000	84.2897	281.434
469.2000	84.4507	281.179
469.1000	84.6196	280.931
469.0000	84.8005	280.694
468.9000	84.9717	280.469
468.8000	85.1514	280.258
468.7000	85.3177	280.05
468.6000	85.4827	279.852
468.5000	85.6433	279.666
468.4000	85.8213	279.496
468.3000	86.0192	279.345
468.2000	86.2106	279.212
468.1000	86.3928	279.098
468.0000	86.602	278.986
467.9000	86.8057	278.884
467.8000	87.0039	278.795
467.7000	87.1823	278.737
467.6000	87.3427	278.706
467.5000	87.5204	278.697
467.4000	87.6997	278.707
467.3000	87.8705	278.722
467.2000	88.0535	278.742
467.1000	88.2597	278.767
467.0000	88.4716	278.8
466.9000	88.7073	278.842
466.8000	88.9382	278.896
466.7000	89.1756	278.967
466.6000	89.407	279.035
466.5000	89.6249	279.105
466.4000	89.842	279.178
466.3000	90.0338	279.257
466.2000	90.2334	279.338
466.1000	90.4514	279.42
466.0000	90.6624	279.516
465.9000	90.8517	279.614
465.8000	91.0318	279.704
465.7000	91.2037	279.789
465.6000	91.3781	279.867
465.5000	91.5635	279.938
465.4000	91.7391	279.997
465.3000	91.9242	280.05
465.2000	92.1204	280.084
465.1000	92.3092	280.1
465.0000	92.5004	280.099
464.9000	92.7006	280.082
464.8000	92.9172	280.049
464.7000	93.1448	280.001
464.6000	93.3521	279.948
464.5000	93.5431	279.88
464.4000	93.7138	279.801
464.3000	93.8901	279.71
464.2000	94.0814	279.61
464.1000	94.2627	279.498
464.0000	94.4427	279.38
463.9000	94.6174	279.247
463.8000	94.787	279.117
463.7000	94.9558	278.988
463.6000	95.1201	278.862
463.5000	95.2528	278.735
463.4000	95.3954	278.612
463.3000	95.5449	278.482
463.2000	95.7083	278.363
463.1000	95.8982	278.252
463.0000	96.0811	278.147
462.9000	96.285	278.05
462.8000	96.4831	277.962
462.7000	96.6668	277.883
462.6000	96.8629	277.795
462.5000	97.0644	277.709
462.4000	97.2835	277.63
462.3000	97.5002	277.558
462.2000	97.6921	277.49
462.1000	97.873	277.426
462.0000	98.0626	277.37
461.9000	98.2698	277.313
461.8000	98.4614	277.268
461.7000	98.6548	277.235
461.6000	98.8318	277.212
461.5000	99.0076	277.195
461.4000	99.1856	277.184
461.3000	99.3505	277.176
461.2000	99.513	277.176
461.1000	99.686	277.186
461.0000	99.8913	277.189
460.9000	100.118	277.19
460.8000	100.336	277.19
460.7000	100.548	277.188
460.6000	100.76	277.184
460.5000	100.982	277.19
460.4000	101.21	277.196
460.3000	101.432	277.196
460.2000	101.626	277.191
460.1000	101.818	277.181
460.0000	102.023	277.167
459.9000	102.224	277.146
459.8000	102.41	277.123
459.7000	102.573	277.094
459.6000	102.763	277.062
459.5000	102.96	277.024
459.4000	103.167	276.981
459.3000	103.371	276.932
459.2000	103.561	276.894
459.1000	103.748	276.861
459.0000	103.913	276.835
458.9000	104.065	276.809
458.8000	104.253	276.773
458.7000	104.455	276.733
458.6000	104.644	276.69
458.5000	104.814	276.651
458.4000	104.989	276.619
458.3000	105.186	276.593
458.2000	105.397	276.57
458.1000	105.59	276.549
458.0000	105.787	276.533
457.9000	106.011	276.518
457.8000	106.237	276.505
457.7000	106.453	276.493
457.6000	106.675	276.497
457.5000	106.868	276.502
457.4000	107.054	276.506
457.3000	107.247	276.511
457.2000	107.45	276.521
457.1000	107.656	276.533
457.0000	107.862	276.554
456.9000	108.063	276.578
456.8000	108.277	276.605
456.7000	108.494	276.637
456.6000	108.689	276.674
456.5000	108.896	276.72
456.4000	109.1	276.774
456.3000	109.315	276.833
456.2000	109.506	276.883
456.1000	109.696	276.926
456.0000	109.88	276.966
455.9000	110.061	277.004
455.8000	110.23	277.04
455.7000	110.39	277.073
455.6000	110.563	277.105
455.5000	110.761	277.136
455.4000	110.951	277.177
455.3000	111.121	277.224
455.2000	111.312	277.27
455.1000	111.507	277.313
455.0000	111.683	277.349
454.9000	111.838	277.37
454.8000	112	277.375
454.7000	112.176	277.365
454.6000	112.339	277.339
454.5000	112.486	277.301
454.4000	112.624	277.252
454.3000	112.786	277.193
454.2000	112.934	277.126
454.1000	113.092	277.055
454.0000	113.282	276.984
453.9000	113.465	276.911
453.8000	113.629	276.835
453.7000	113.773	276.76
453.6000	113.921	276.687
453.5000	114.078	276.605
453.4000	114.242	276.523
453.3000	114.419	276.443
453.2000	114.591	276.364
453.1000	114.734	276.287
453.0000	114.869	276.213
452.9000	115.008	276.137
452.8000	115.167	276.067
452.7000	115.328	275.998
452.6000	115.495	275.925
452.5000	115.657	275.84
452.4000	115.824	275.742
452.3000	115.999	275.631
452.2000	116.167	275.5
452.1000	116.339	275.35
452.0000	116.534	275.183
451.9000	116.742	275.006
451.8000	116.927	274.823
451.7000	117.099	274.641
451.6000	117.286	274.463
451.5000	117.481	274.301
451.4000	117.675	274.163
451.3000	117.871	274.046
451.2000	118.066	273.957
451.1000	118.226	273.897
451.0000	118.363	273.853
450.9000	118.481	273.829
450.8000	118.596	273.825
450.7000	118.714	273.84
450.6000	118.822	273.874
450.5000	118.937	273.922
450.4000	119.057	273.979
450.3000	119.186	274.041
450.2000	119.32	274.102
450.1000	119.447	274.175
450.0000	119.566	274.256
449.9000	119.674	274.331
449.8000	119.793	274.396
449.7000	119.933	274.454
449.6000	120.076	274.51
449.5000	120.222	274.567
449.4000	120.356	274.628
449.3000	120.485	274.695
449.2000	120.615	274.77
449.1000	120.731	274.857
449.0000	120.861	274.959
448.9000	121.01	275.067
448.8000	121.152	275.19
448.7000	121.282	275.331
448.6000	121.377	275.487
448.5000	121.461	275.652
448.4000	121.551	275.824
448.3000	121.643	275.996
448.2000	121.729	276.167
448.1000	121.82	276.331
448.0000	121.904	276.484
447.9000	121.986	276.618
447.8000	122.083	276.729
447.7000	122.217	276.82
447.6000	122.357	276.901
447.5000	122.51	276.969
447.4000	122.689	277.022
447.3000	122.861	277.06
447.2000	123.019	277.086
447.1000	123.167	277.099
447.0000	123.316	277.103
446.9000	123.455	277.099
446.8000	123.591	277.078
446.7000	123.726	277.046
446.6000	123.862	277.005
446.5000	123.999	276.963
446.4000	124.147	276.927
446.3000	124.292	276.895
446.2000	124.425	276.863
446.1000	124.557	276.83
446.0000	124.694	276.795
445.9000	124.835	276.755
445.8000	124.992	276.709
445.7000	125.153	276.659
445.6000	125.299	276.608
445.5000	125.443	276.564
445.4000	125.602	276.526
445.3000	125.751	276.489
445.2000	125.893	276.45
445.1000	126.027	276.411
445.0000	126.164	276.373
444.9000	126.315	276.325
444.8000	126.454	276.271
444.7000	126.583	276.215
444.6000	126.712	276.158
444.5000	126.831	276.106
444.4000	126.924	276.061
444.3000	126.999	276.019
444.2000	127.07	275.979
444.1000	127.152	275.941
444.0000	127.21	275.902
443.9000	127.256	275.858
443.8000	127.292	275.808
443.7000	127.337	275.757
443.6000	127.392	275.706
443.5000	127.458	275.655
443.4000	127.521	275.616
443.3000	127.585	275.584
443.2000	127.662	275.555
443.1000	127.731	275.528
443.0000	127.797	275.49
442.9000	127.852	275.447
442.8000	127.934	275.402
442.7000	128.018	275.355
442.6000	128.099	275.308
442.5000	128.16	275.264
442.4000	128.206	275.228
442.3000	128.265	275.194
442.2000	128.34	275.161
442.1000	128.408	275.128
442.0000	128.447	275.089
441.9000	128.5	275.047
441.8000	128.584	275.004
441.7000	128.674	274.962
441.6000	128.757	274.92
441.5000	128.816	274.887
441.4000	128.881	274.861
441.3000	128.945	274.837
441.2000	129.005	274.815
441.1000	129.051	274.783
441.0000	129.106	274.746
440.9000	129.175	274.705
440.8000	129.256	274.663
440.7000	129.341	274.619
440.6000	129.434	274.576
440.5000	129.533	274.536
440.4000	129.655	274.503
440.3000	129.78	274.475
440.2000	129.89	274.446
440.1000	129.986	274.41
440.0000	130.084	274.366
439.9000	130.174	274.315
439.8000	130.251	274.261
439.7000	130.322	274.204
439.6000	130.376	274.157
439.5000	130.436	274.114
439.4000	130.472	274.074
439.3000	130.501	274.035
439.2000	130.528	273.986
439.1000	130.55	273.931
439.0000	130.584	273.877
438.9000	130.613	273.826
438.8000	130.631	273.778
438.7000	130.646	273.73
438.6000	130.683	273.686
438.5000	130.714	273.652
438.4000	130.729	273.622
438.3000	130.734	273.592
438.2000	130.739	273.558
438.1000	130.741	273.522
438.0000	130.746	273.488
437.9000	130.758	273.456
437.8000	130.776	273.428
437.7000	130.81	273.413
437.6000	130.858	273.406
437.5000	130.891	273.404
437.4000	130.916	273.395
437.3000	130.943	273.383
437.2000	130.979	273.372
437.1000	131.008	273.361
437.0000	131.032	273.35
436.9000	131.059	273.341
436.8000	131.073	273.333
436.7000	131.082	273.333
436.6000	131.097	273.344
436.5000	131.106	273.355
436.4000	131.103	273.366
436.3000	131.122	273.378
436.2000	131.159	273.393
436.1000	131.203	273.409
436.0000	131.255	273.426
435.9000	131.312	273.442
435.8000	131.361	273.468
435.7000	131.426	273.502
435.6000	131.465	273.527
435.5000	131.488	273.545
435.4000	131.524	273.558
435.3000	131.563	273.57
435.2000	131.59	273.582
435.1000	131.631	273.591
435.0000	131.666	273.599
434.9000	131.717	273.608
434.8000	131.784	273.623
434.7000	131.867	273.636
434.6000	131.937	273.641
434.5000	132.003	273.641
434.4000	132.052	273.64
434.3000	132.1	273.637
434.2000	132.141	273.633
434.1000	132.19	273.627
434.0000	132.229	273.629
433.9000	132.282	273.635
433.8000	132.317	273.631
433.7000	132.351	273.624
433.6000	132.377	273.615
433.5000	132.393	273.605
433.4000	132.412	273.593
433.3000	132.434	273.581
433.2000	132.45	273.568
433.1000	132.473	273.56
433.0000	132.49	273.552
432.9000	132.512	273.541
432.8000	132.536	273.528
432.7000	132.543	273.514
432.6000	132.546	273.5
432.5000	132.537	273.486
432.4000	132.529	273.47
432.3000	132.529	273.454
432.2000	132.545	273.45
432.1000	132.571	273.443
432.0000	132.599	273.435
431.9000	132.637	273.426
431.8000	132.671	273.415
431.7000	132.696	273.404
431.6000	132.734	273.39
431.5000	132.761	273.374
431.4000	132.767	273.356
431.3000	132.757	273.339
431.2000	132.754	273.325
431.1000	132.757	273.312
431.0000	132.77	273.298
430.9000	132.785	273.284
430.8000	132.807	273.269
430.7000	132.822	273.257
430.6000	132.857	273.244
430.5000	132.885	273.222
430.4000	132.901	273.207
430.3000	132.933	273.194
430.2000	132.969	273.182
430.1000	133.009	273.169
430.0000	133.059	273.155
429.9000	133.121	273.141
429.8000	133.173	273.127
429.7000	133.217	273.109
429.6000	133.264	273.089
429.5000	133.296	273.073
429.4000	133.307	273.057
429.3000	133.321	273.04
429.2000	133.338	273.02
429.1000	133.375	273
429.0000	133.397	272.981
428.9000	133.402	272.951
428.8000	133.403	272.916
428.7000	133.42	272.886
428.6000	133.42	272.861
428.5000	133.397	272.838
428.4000	133.377	272.816
428.3000	133.344	272.795
428.2000	133.3	272.777
428.1000	133.258	272.755
428.0000	133.227	272.733
427.9000	133.215	272.713
427.8000	133.194	272.696
427.7000	133.169	272.68
427.6000	133.126	272.665
427.5000	133.076	272.649
427.4000	133.021	272.632
427.3000	132.988	272.604
427.2000	132.943	272.571
427.1000	132.886	272.546
427.0000	132.848	272.523
426.9000	132.795	272.498
426.8000	132.736	272.474
426.7000	132.684	272.452
426.6000	132.627	272.432
426.5000	132.556	272.409
426.4000	132.499	272.382
426.3000	132.447	272.356
426.2000	132.398	272.335
426.1000	132.347	272.314
426.0000	132.292	272.296
425.9000	132.242	272.28
425.8000	132.199	272.268
425.7000	132.139	272.248
425.6000	132.092	272.224
425.5000	132.072	272.207
425.4000	132.057	272.191
425.3000	132.039	272.175
425.2000	132.029	272.161
425.1000	132.023	272.147
425.0000	132.014	272.135
424.9000	132.011	272.119
424.8000	131.999	272.101
424.7000	131.983	272.086
424.6000	131.965	272.073
424.5000	131.947	272.06
424.4000	131.942	272.05
424.3000	131.94	272.038
424.2000	131.965	272.018
424.1000	131.986	271.992
424.0000	132.006	271.964
423.9000	132.007	271.941
423.8000	131.996	271.924
423.7000	131.994	271.908
423.6000	131.97	271.892
423.5000	131.953	271.879
423.4000	131.93	271.864
423.3000	131.895	271.843
423.2000	131.869	271.819
423.1000	131.848	271.797
423.0000	131.823	271.778
422.9000	131.79	271.758
422.8000	131.751	271.736
422.7000	131.73	271.706
422.6000	131.715	271.671
422.5000	131.697	271.632
422.4000	131.671	271.589
422.3000	131.656	271.551
422.2000	131.648	271.517
422.1000	131.616	271.483
422.0000	131.584	271.451
421.9000	131.555	271.414
421.8000	131.504	271.371
421.7000	131.454	271.326
421.6000	131.399	271.277
421.5000	131.348	271.227
421.4000	131.294	271.177
421.3000	131.232	271.125
421.2000	131.189	271.064
421.1000	131.139	270.998
421.0000	131.09	270.931
420.9000	131.046	270.866
420.8000	130.989	270.811
420.7000	130.939	270.763
420.6000	130.869	270.721
420.5000	130.808	270.684
420.4000	130.74	270.649
420.3000	130.662	270.614
420.2000	130.579	270.583
420.1000	130.487	270.555
420.0000	130.393	270.534
419.9000	130.297	270.521
419.8000	130.188	270.513
419.7000	130.09	270.501
419.6000	129.998	270.488
419.5000	129.913	270.476
419.4000	129.845	270.468
419.3000	129.77	270.47
419.2000	129.699	270.482
419.1000	129.64	270.499
419.0000	129.575	270.521
418.9000	129.488	270.543
418.8000	129.402	270.564
418.7000	129.323	270.586
418.6000	129.226	270.61
418.5000	129.107	270.638
418.4000	129.006	270.672
418.3000	128.911	270.71
418.2000	128.829	270.742
418.1000	128.747	270.773
418.0000	128.679	270.805
417.9000	128.613	270.839
417.8000	128.544	270.882
417.7000	128.457	270.932
417.6000	128.362	270.984
417.5000	128.257	271.031
417.4000	128.146	271.072
417.3000	128.037	271.111
417.2000	127.953	271.149
417.1000	127.863	271.182
417.0000	127.76	271.214
416.9000	127.667	271.247
416.8000	127.607	271.268
416.7000	127.561	271.285
416.6000	127.514	271.298
416.5000	127.476	271.309
416.4000	127.442	271.318
416.3000	127.393	271.331
416.2000	127.342	271.346
416.1000	127.293	271.361
416.0000	127.24	271.371
415.9000	127.179	271.377
415.8000	127.097	271.379
415.7000	126.992	271.378
415.6000	126.887	271.373
415.5000	126.798	271.371
415.4000	126.709	271.37
415.3000	126.628	271.362
415.2000	126.56	271.35
415.1000	126.509	271.336
415.0000	126.439	271.32
414.9000	126.371	271.305
414.8000	126.305	271.297
414.7000	126.238	271.293
414.6000	126.161	271.289
414.5000	126.1	271.286
414.4000	126.027	271.28
414.3000	125.949	271.269
414.2000	125.858	271.255
414.1000	125.756	271.241
414.0000	125.647	271.231
413.9000	125.533	271.214
413.8000	125.389	271.198
413.7000	125.237	271.182
413.6000	125.094	271.168
413.5000	124.971	271.154
413.4000	124.835	271.148
413.3000	124.691	271.143
413.2000	124.566	271.137
413.1000	124.441	271.13
413.0000	124.316	271.123
412.9000	124.186	271.115
412.8000	124.055	271.106
412.7000	123.922	271.1
412.6000	123.78	271.089
412.5000	123.653	271.077
412.4000	123.542	271.068
412.3000	123.442	271.061
412.2000	123.338	271.058
412.1000	123.221	271.059
412.0000	123.102	271.06
411.9000	122.968	271.066
411.8000	122.824	271.074
411.7000	122.663	271.082
411.6000	122.517	271.093
411.5000	122.368	271.102
411.4000	122.211	271.112
411.3000	122.043	271.122
411.2000	121.877	271.126
411.1000	121.694	271.128
411.0000	121.506	271.13
410.9000	121.349	271.137
410.8000	121.218	271.147
410.7000	121.088	271.161
410.6000	120.968	271.175
410.5000	120.849	271.193
410.4000	120.732	271.212
410.3000	120.623	271.23
410.2000	120.527	271.248
410.1000	120.416	271.266
410.0000	120.286	271.284
409.9000	120.154	271.296
409.8000	120.01	271.308
409.7000	119.874	271.319
409.6000	119.725	271.332
409.5000	119.586	271.345
409.4000	119.442	271.36
409.3000	119.291	271.372
409.2000	119.142	271.388
409.1000	118.98	271.409
409.0000	118.795	271.429
408.9000	118.608	271.451
408.8000	118.43	271.471
408.7000	118.254	271.491
408.6000	118.086	271.504
408.5000	117.928	271.516
408.4000	117.77	271.532
408.3000	117.622	271.548
408.2000	117.454	271.564
408.1000	117.286	271.578
408.0000	117.1	271.59
407.9000	116.907	271.598
407.8000	116.737	271.613
407.7000	116.582	271.631
407.6000	116.431	271.652
407.5000	116.256	271.675
407.4000	116.057	271.698
407.3000	115.876	271.712
407.2000	115.683	271.725
407.1000	115.493	271.738
407.0000	115.327	271.752
406.9000	115.157	271.769
406.8000	114.99	271.786
406.7000	114.809	271.798
406.6000	114.622	271.808
406.5000	114.432	271.824
406.4000	114.254	271.844
406.3000	114.066	271.866
406.2000	113.882	271.888
406.1000	113.703	271.903
406.0000	113.522	271.915
405.9000	113.344	271.927
405.8000	113.155	271.942
405.7000	112.973	271.959
405.6000	112.816	271.977
405.5000	112.671	271.99
405.4000	112.521	272.001
405.3000	112.378	272.009
405.2000	112.215	272.021
405.1000	112.02	272.038
405.0000	111.82	272.055
404.9000	111.622	272.074
404.8000	111.435	272.088
404.7000	111.236	272.1
404.6000	111.048	272.115
404.5000	110.856	272.134
404.4000	110.649	272.153
404.3000	110.433	272.173
404.2000	110.224	272.187
404.1000	110.014	272.196
404.0000	109.809	272.204
403.9000	109.597	272.218
403.8000	109.409	272.236
403.7000	109.224	272.256
403.6000	109.014	272.269
403.5000	108.8	272.281
403.4000	108.587	272.291
403.3000	108.379	272.303
403.2000	108.176	272.317
403.1000	107.958	272.331
403.0000	107.721	272.341
402.9000	107.491	272.35
402.8000	107.268	272.357
402.7000	107.029	272.37
402.6000	106.79	272.385
402.5000	106.545	272.403
402.4000	106.315	272.414
402.3000	106.088	272.421
402.2000	105.858	272.424
402.1000	105.608	272.429
402.0000	105.342	272.435
401.9000	105.071	272.442
401.8000	104.809	272.447
401.7000	104.556	272.447
401.6000	104.301	272.446
401.5000	104.037	272.442
401.4000	103.775	272.445
401.3000	103.521	272.443
401.2000	103.26	272.441
401.1000	103.015	272.437
401.0000	102.776	272.431
400.9000	102.53	272.422
400.8000	102.287	272.415
400.7000	102.046	272.405
400.6000	101.818	272.394
400.5000	101.581	272.381
400.4000	101.338	272.368
400.3000	101.092	272.356
400.2000	100.834	272.352
400.1000	100.577	272.343
400.0000	100.314	272.334
399.9000	100.05	272.322
399.8000	99.7886	272.311
399.7000	99.5349	272.3
399.6000	99.2918	272.293
399.5000	99.0416	272.284
399.4000	98.7901	272.273
399.3000	98.5398	272.261
399.2000	98.285	272.249
399.1000	98.0239	272.239
399.0000	97.7598	272.236
398.9000	97.4887	272.233
398.8000	97.2042	272.231
398.7000	96.9215	272.231
398.6000	96.6447	272.23
398.5000	96.3558	272.231
398.4000	96.0537	272.23
398.3000	95.7685	272.231
398.2000	95.5016	272.233
398.1000	95.2488	272.237
398.0000	95.0023	272.243
397.9000	94.7568	272.257
397.8000	94.5089	272.269
397.7000	94.2476	272.28
397.6000	93.9797	272.29
397.5000	93.7228	272.304
397.4000	93.4699	272.321
397.3000	93.197	272.344
397.2000	92.8983	272.37
397.1000	92.6037	272.395
397.0000	92.3008	272.424
396.9000	91.9895	272.455
396.8000	91.6906	272.487
396.7000	91.3964	272.518
396.6000	91.0933	272.551
396.5000	90.7801	272.588
396.4000	90.4731	272.627
396.3000	90.1687	272.668
396.2000	89.8443	272.709
396.1000	89.5067	272.749
396.0000	89.166	272.791
395.9000	88.8377	272.835
395.8000	88.5191	272.878
395.7000	88.2034	272.922
395.6000	87.9044	272.96
395.5000	87.6002	273
395.4000	87.2953	273.042
395.3000	87.0067	273.085
395.2000	86.7263	273.131
395.1000	86.444	273.18
395.0000	86.1718	273.231
394.9000	85.8848	273.284
394.8000	85.5844	273.335
394.7000	85.2731	273.387
394.6000	84.9649	273.437
394.5000	84.6542	273.478
394.4000	84.3537	273.521
394.3000	84.0621	273.567
394.2000	83.7533	273.614
394.1000	83.4443	273.662
394.0000	83.0925	273.711
393.9000	82.737	273.757
393.8000	82.4048	273.804
393.7000	82.0774	273.854
393.6000	81.7621	273.904
393.5000	81.4483	273.954
393.4000	81.1369	273.996
393.3000	80.8369	274.041
393.2000	80.5591	274.086
393.1000	80.281	274.131
393.0000	79.9959	274.174
392.9000	79.6987	274.213
392.8000	79.4007	274.25
392.7000	79.117	274.292
392.6000	78.8412	274.339
392.5000	78.5565	274.388
392.4000	78.252	274.437
392.3000	77.9552	274.48
392.2000	77.656	274.524
392.1000	77.3501	274.571
392.0000	77.0439	274.618
391.9000	76.7249	274.665
391.8000	76.4157	274.709
391.7000	76.1194	274.748
391.6000	75.8103	274.788
391.5000	75.5058	274.832
391.4000	75.2124	274.878
391.3000	74.9103	274.918
391.2000	74.5859	274.955
391.1000	74.2502	274.998
391.0000	73.9023	275.042
390.9000	73.5598	275.088
390.8000	73.2335	275.135
390.7000	72.9033	275.179
390.6000	72.5994	275.217
390.5000	72.3031	275.259
390.4000	71.9976	275.304
390.3000	71.687	275.35
390.2000	71.3845	275.389
390.1000	71.0961	275.427
390.0000	70.8074	275.472
389.9000	70.516	275.519
389.8000	70.2008	275.566
389.7000	69.8642	275.612
389.6000	69.5351	275.656
389.5000	69.2207	275.704
389.4000	68.9268	275.756
389.3000	68.624	275.808
389.2000	68.3152	275.851
389.1000	67.9768	275.888
389.0000	67.6552	275.926
388.9000	67.3321	275.97
388.8000	66.9933	276.017
388.7000	66.669	276.06
388.6000	66.3449	276.1
388.5000	66.0081	276.139
388.4000	65.6748	276.18
388.3000	65.3415	276.223
388.2000	65.011	276.267
388.1000	64.6725	276.304
388.0000	64.3242	276.337
387.9000	64.0033	276.376
387.8000	63.7088	276.418
387.7000	63.4131	276.46
387.6000	63.1097	276.501
387.5000	62.8007	276.54
387.4000	62.4712	276.576
387.3000	62.1338	276.617
387.2000	61.7968	276.662
387.1000	61.4666	276.699
387.0000	61.1518	276.733
386.9000	60.8455	276.762
386.8000	60.5446	276.793
386.7000	60.2267	276.826
386.6000	59.8749	276.855
386.5000	59.509	276.884
386.4000	59.1323	276.911
386.3000	58.7759	276.938
386.2000	58.4364	276.968
386.1000	58.0849	276.989
386.0000	57.7243	277.004
385.9000	57.3638	277.017
385.8000	57.0048	277.036
385.7000	56.6773	277.059
385.6000	56.3564	277.077
385.5000	56.0187	277.093
385.4000	55.6738	277.108
385.3000	55.3273	277.127
385.2000	54.992	277.151
385.1000	54.6681	277.172
385.0000	54.3262	277.193
384.9000	53.9769	277.214
384.8000	53.6323	277.233
384.7000	53.2969	277.257
384.6000	52.9602	277.277
384.5000	52.5965	277.293
384.4000	52.2162	277.308
384.3000	51.849	277.323
384.2000	51.514	277.341
384.1000	51.1719	277.357
384.0000	50.8599	277.372
383.9000	50.5442	277.386
383.8000	50.2195	277.4
383.7000	49.8851	277.417
383.6000	49.5332	277.434
383.5000	49.1781	277.451
383.4000	48.7999	277.467
383.3000	48.4202	277.482
383.2000	48.0611	277.492
383.1000	47.7097	277.501
383.0000	47.3801	277.51
382.9000	47.0446	277.519
382.8000	46.6955	277.53
382.7000	46.3543	277.545
382.6000	46.0096	277.563
382.5000	45.6615	277.583
382.4000	45.3094	277.601
382.3000	44.9374	277.621
382.2000	44.5389	277.637
382.1000	44.1546	277.655
382.0000	43.7757	277.671
381.9000	43.3858	277.683
381.8000	43.0121	277.691
381.7000	42.6408	277.7
381.6000	42.2857	277.706
381.5000	41.9253	277.713
381.4000	41.5685	277.721
381.3000	41.1986	277.726
381.2000	40.8287	277.731
381.1000	40.4684	277.738
381.0000	40.109	277.746
380.9000	39.7403	277.753
380.8000	39.3774	277.759
380.7000	39.02	277.769
380.6000	38.6425	277.781
380.5000	38.2709	277.792
380.4000	37.8859	277.797
380.3000	37.4916	277.8
380.2000	37.098	277.802
380.1000	36.718	277.806
380.0000	36.3509	277.808
379.9000	35.993	277.81
379.8000	35.6374	277.819
379.7000	35.2924	277.831
379.6000	34.9282	277.841
379.5000	34.5638	277.85
379.4000	34.1963	277.859
379.3000	33.8216	277.869
379.2000	33.4425	277.881
379.1000	33.0939	277.888
379.0000	32.7332	277.893
378.9000	32.3765	277.895
378.8000	32.0264	277.901
378.7000	31.6723	277.903
378.6000	31.3328	277.904
378.5000	31.0179	277.908
378.4000	30.6648	277.916
378.3000	30.2804	277.926
378.2000	29.8836	277.935
378.1000	29.4992	277.942
378.0000	29.1224	277.948
377.9000	28.7428	277.955
377.8000	28.3506	277.962
377.7000	27.9537	277.972
377.6000	27.5404	277.983
377.5000	27.1263	277.996
377.4000	26.6926	278.005
377.3000	26.257	278.011
377.2000	25.8274	278.017
377.1000	25.3947	278.022
377.0000	24.9795	278.028
376.9000	24.5978	278.035
376.8000	24.2335	278.047
376.7000	23.834	278.06
376.6000	23.4016	278.074
376.5000	22.9664	278.088
376.4000	22.5214	278.102
376.3000	22.0571	278.113
376.2000	21.5906	278.123
376.1000	21.1424	278.131
376.0000	20.7002	278.137
375.9000	20.2653	278.144
375.8000	19.8368	278.146
375.7000	19.3775	278.149
375.6000	18.9239	278.155
375.5000	18.4739	278.161
375.4000	18.0226	278.163
375.3000	17.5827	278.17
375.2000	17.1224	278.179
375.1000	16.6478	278.187
375.0000	16.1934	278.19
374.9000	15.7571	278.191
374.8000	15.3255	278.193
374.7000	14.8947	278.196
374.6000	14.4383	278.2
374.5000	13.9959	278.203
374.4000	13.5719	278.206
374.3000	13.1509	278.208
374.2000	12.7499	278.211
374.1000	12.3539	278.212
374.0000	11.9615	278.215
373.9000	11.5541	278.22
373.8000	11.1532	278.227
373.7000	10.7361	278.229
373.6000	10.3154	278.233
373.5000	9.8691	278.239
373.4000	9.40663	278.244
373.3000	8.95929	278.245
373.2000	8.53649	278.246
373.1000	8.10489	278.248
373.0000	7.67455	278.249
372.9000	7.25687	278.246
372.8000	6.84571	278.244
372.7000	6.42854	278.243
372.6000	6.01274	278.244
372.5000	5.59065	278.243
372.4000	5.1744	278.242
372.3000	4.75314	278.244
372.2000	4.3284	278.247
372.1000	3.8839	278.245
372.0000	3.4298	278.247
371.9000	2.96494	278.25
371.8000	2.50921	278.252
371.7000	2.04185	278.253
371.6000	1.55851	278.256
371.5000	1.07196	278.262
371.4000	0.602335	278.269
371.3000	0.136822	278.27
371.2000	-0.33167	278.27
371.1000	-0.81569	278.274
371.0000	-1.30647	278.279
370.9000	-1.79711	278.283
370.8000	-2.30226	278.283
370.7000	-2.80556	278.287
370.6000	-3.3029	278.293
370.5000	-3.78868	278.294
370.4000	-4.27684	278.293
370.3000	-4.75603	278.296
370.2000	-5.24369	278.302
370.1000	-5.7303	278.306
370.0000	-6.22398	278.308
369.9000	-6.73273	278.314
369.8000	-7.2462	278.322
369.7000	-7.76058	278.326
369.6000	-8.27849	278.329
369.5000	-8.79484	278.335
369.4000	-9.30291	278.345
369.3000	-9.82907	278.354
369.2000	-10.3745	278.361
369.1000	-10.9182	278.369
369.0000	-11.4663	278.38
368.9000	-11.9909	278.387
368.8000	-12.5089	278.394
368.7000	-12.9999	278.406
368.6000	-13.4964	278.42
368.5000	-13.9939	278.434
368.4000	-14.4915	278.447
368.3000	-14.9806	278.463
368.2000	-15.4809	278.475
368.1000	-15.9831	278.487
368.0000	-16.4927	278.497
367.9000	-17.0262	278.513
367.8000	-17.5491	278.528
367.7000	-18.0604	278.542
367.6000	-18.5787	278.556
367.5000	-19.1004	278.573
367.4000	-19.6334	278.586
367.3000	-20.1749	278.597
367.2000	-20.7252	278.607
367.1000	-21.278	278.62
367.0000	-21.8424	278.633
366.9000	-22.4091	278.645
366.8000	-22.9764	278.658
366.7000	-23.5397	278.674
366.6000	-24.1009	278.688
366.5000	-24.6477	278.702
366.4000	-25.2076	278.716
366.3000	-25.7671	278.739
366.2000	-26.3214	278.763
366.1000	-26.8817	278.787
366.0000	-27.4546	278.808
365.9000	-28.0409	278.831
365.8000	-28.6209	278.851
365.7000	-29.1919	278.871
365.6000	-29.7726	278.891
365.5000	-30.3878	278.916
365.4000	-31.0068	278.941
365.3000	-31.6562	278.963
365.2000	-32.3083	278.987
365.1000	-32.9563	279.007
365.0000	-33.6047	279.026
364.9000	-34.2591	279.046
364.8000	-34.9134	279.07
364.7000	-35.5429	279.092
364.6000	-36.1781	279.113
364.5000	-36.8112	279.133
364.4000	-37.4359	279.155
364.3000	-38.0504	279.174
364.2000	-38.6798	279.193
364.1000	-39.3098	279.211
364.0000	-39.9266	279.235
363.9000	-40.5572	279.261
363.8000	-41.1868	279.286
363.7000	-41.815	279.312
363.6000	-42.4441	279.332
363.5000	-43.0839	279.35
363.4000	-43.7061	279.366
363.3000	-44.3328	279.384
363.2000	-44.9554	279.404
363.1000	-45.5761	279.427
363.0000	-46.2078	279.45
362.9000	-46.8524	279.472
362.8000	-47.506	279.49
362.7000	-48.1598	279.511
362.6000	-48.8292	279.531
362.5000	-49.5038	279.548
362.4000	-50.1868	279.57
362.3000	-50.8824	279.593
362.2000	-51.5794	279.616
362.1000	-52.266	279.635
362.0000	-52.9512	279.656
361.9000	-53.6307	279.681
361.8000	-54.2958	279.707
361.7000	-54.9469	279.733
361.6000	-55.6229	279.76
361.5000	-56.3008	279.786
361.4000	-56.9649	279.807
361.3000	-57.6354	279.83
361.2000	-58.3192	279.856
361.1000	-59.0009	279.882
361.0000	-59.7025	279.906
360.9000	-60.4102	279.934
360.8000	-61.1117	279.964
360.7000	-61.8475	279.99
360.6000	-62.5941	280.012
360.5000	-63.3293	280.037
360.4000	-64.061	280.061
360.3000	-64.7903	280.084
360.2000	-65.5163	280.11
360.1000	-66.2515	280.142
360.0000	-67.0052	280.171
359.9000	-67.7706	280.199
359.8000	-68.5105	280.227
359.7000	-69.2503	280.255
359.6000	-69.9824	280.279
359.5000	-70.728	280.301
359.4000	-71.467	280.327
359.3000	-72.212	280.35
359.2000	-72.9521	280.374
359.1000	-73.6779	280.4
359.0000	-74.4046	280.425
358.9000	-75.1241	280.448
358.8000	-75.8467	280.469
358.7000	-76.5681	280.494
358.6000	-77.2994	280.515
358.5000	-78.0387	280.535
358.4000	-78.793	280.555
358.3000	-79.5553	280.576
358.2000	-80.301	280.596
358.1000	-81.0519	280.617
358.0000	-81.8051	280.64
357.9000	-82.5831	280.662
357.8000	-83.3734	280.682
357.7000	-84.1698	280.703
357.6000	-84.951	280.724
357.5000	-85.7538	280.745
357.4000	-86.5685	280.765
357.3000	-87.3553	280.788
357.2000	-88.1275	280.81
357.1000	-88.8944	280.833
357.0000	-89.6866	280.857
356.9000	-90.4993	280.88
356.8000	-91.3345	280.905
356.7000	-92.1554	280.93
356.6000	-92.9813	280.953
356.5000	-93.8156	280.976
356.4000	-94.6736	281
356.3000	-95.5359	281.024
356.2000	-96.388	281.047
356.1000	-97.2229	281.069
356.0000	-98.0754	281.092
355.9000	-98.9285	281.116
355.8000	-99.7801	281.139
355.7000	-100.62	281.165
355.6000	-101.44	281.19
355.5000	-102.271	281.218
355.4000	-103.116	281.247
355.3000	-103.965	281.276
355.2000	-104.81	281.304
355.1000	-105.658	281.332
355.0000	-106.485	281.361
354.9000	-107.333	281.387
354.8000	-108.191	281.415
354.7000	-109.041	281.445
354.6000	-109.913	281.471
354.5000	-110.793	281.501
354.4000	-111.639	281.531
354.3000	-112.48	281.564
354.2000	-113.342	281.597
354.1000	-114.197	281.632
354.0000	-115.033	281.667
353.9000	-115.877	281.699
353.8000	-116.738	281.731
353.7000	-117.622	281.765
353.6000	-118.49	281.797
353.5000	-119.37	281.832
353.4000	-120.219	281.87
353.3000	-121.069	281.906
353.2000	-121.909	281.943
353.1000	-122.733	281.979
353.0000	-123.559	282.011
352.9000	-124.39	282.04
352.8000	-125.243	282.071
352.7000	-126.111	282.101
352.6000	-126.975	282.13
352.5000	-127.849	282.163
352.4000	-128.722	282.197
352.3000	-129.598	282.23
352.2000	-130.489	282.262
352.1000	-131.397	282.297
352.0000	-132.308	282.329
351.9000	-133.223	282.36
351.8000	-134.143	282.394
351.7000	-135.056	282.427
351.6000	-135.969	282.459
351.5000	-136.863	282.492
351.4000	-137.769	282.521
351.3000	-138.7	282.548
351.2000	-139.604	282.579
351.1000	-140.505	282.611
351.0000	-141.427	282.642
350.9000	-142.369	282.672
350.8000	-143.3	282.697
350.7000	-144.233	282.722
350.6000	-145.174	282.747
350.5000	-146.117	282.776
350.4000	-147.055	282.805
350.3000	-147.985	282.835
350.2000	-148.928	282.866
350.1000	-149.872	282.895
350.0000	-150.828	282.921
349.9000	-151.781	282.948
349.8000	-152.747	282.976
349.7000	-153.722	283.005
349.6000	-154.704	283.037
349.5000	-155.715	283.068
349.4000	-156.717	283.096
349.3000	-157.695	283.128
349.2000	-158.662	283.158
349.1000	-159.621	283.186
349.0000	-160.575	283.213
348.9000	-161.549	283.238
348.8000	-162.514	283.264
348.7000	-163.477	283.289
348.6000	-164.443	283.314
348.5000	-165.389	283.339
348.4000	-166.344	283.364
348.3000	-167.307	283.389
348.2000	-168.28	283.414
348.1000	-169.27	283.438
348.0000	-170.236	283.462
347.9000	-171.174	283.49
347.8000	-172.131	283.517
347.7000	-173.106	283.541
347.6000	-174.094	283.565
347.5000	-175.074	283.589
347.4000	-176.056	283.616
347.3000	-177.032	283.646
347.2000	-178.022	283.678
347.1000	-179.006	283.709
347.0000	-179.984	283.736
346.9000	-180.962	283.759
346.8000	-181.934	283.776
346.7000	-182.9	283.794
346.6000	-183.851	283.812
346.5000	-184.812	283.826
346.4000	-185.765	283.843
346.3000	-186.726	283.86
346.2000	-187.685	283.876
346.1000	-188.618	283.896
346.0000	-189.552	283.916
345.9000	-190.5	283.934
345.8000	-191.447	283.951
345.7000	-192.404	283.97
345.6000	-193.372	283.987
345.5000	-194.353	284.005
345.4000	-195.343	284.023
345.3000	-196.336	284.036
345.2000	-197.309	284.05
345.1000	-198.285	284.064
345.0000	-199.25	284.076
344.9000	-200.203	284.092
344.8000	-201.142	284.106
344.7000	-202.069	284.119
344.6000	-202.999	284.135
344.5000	-203.918	284.148
344.4000	-204.836	284.16
344.3000	-205.737	284.175
344.2000	-206.622	284.186
344.1000	-207.501	284.195
344.0000	-208.378	284.204
343.9000	-209.255	284.212
343.8000	-210.128	284.216
343.7000	-210.989	284.221
343.6000	-211.86	284.229
343.5000	-212.746	284.241
343.4000	-213.657	284.257
343.3000	-214.58	284.272
343.2000	-215.482	284.286
343.1000	-216.38	284.3
343.0000	-217.279	284.313
342.9000	-218.163	284.325
342.8000	-219.044	284.338
342.7000	-219.926	284.353
342.6000	-220.815	284.371
342.5000	-221.7	284.386
342.4000	-222.586	284.401
342.3000	-223.475	284.417
342.2000	-224.367	284.432
342.1000	-225.237	284.449
342.0000	-226.089	284.463
341.9000	-226.946	284.478
341.8000	-227.81	284.495
341.7000	-228.678	284.511
341.6000	-229.537	284.528
341.5000	-230.378	284.544
341.4000	-231.217	284.559
341.3000	-232.067	284.577
341.2000	-232.918	284.595
341.1000	-233.79	284.614
341.0000	-234.673	284.633
340.9000	-235.537	284.649
340.8000	-236.402	284.667
340.7000	-237.272	284.688
340.6000	-238.152	284.708
340.5000	-239.033	284.728
340.4000	-239.913	284.75
340.3000	-240.803	284.769
340.2000	-241.693	284.789
340.1000	-242.564	284.81
340.0000	-243.397	284.828
339.9000	-244.213	284.85
339.8000	-245.041	284.871
339.7000	-245.892	284.895
339.6000	-246.753	284.918
339.5000	-247.596	284.94
339.4000	-248.427	284.963
339.3000	-249.269	284.98
339.2000	-250.105	284.994
339.1000	-250.93	285.013
339.0000	-251.75	285.031
338.9000	-252.547	285.05
338.8000	-253.297	285.068
338.7000	-254.047	285.088
338.6000	-254.817	285.112
338.5000	-255.564	285.138
338.4000	-256.296	285.164
338.3000	-257.032	285.189
338.2000	-257.769	285.216
338.1000	-258.534	285.242
338.0000	-259.308	285.268
337.9000	-260.072	285.293
337.8000	-260.829	285.318
337.7000	-261.573	285.344
337.6000	-262.287	285.369
337.5000	-263.016	285.396
337.4000	-263.731	285.423
337.3000	-264.414	285.451
337.2000	-265.088	285.48
337.1000	-265.767	285.509
337.0000	-266.437	285.537
336.9000	-267.067	285.567
336.8000	-267.663	285.599
336.7000	-268.246	285.631
336.6000	-268.822	285.663
336.5000	-269.397	285.694
336.4000	-269.983	285.728
336.3000	-270.538	285.762
336.2000	-271.074	285.795
336.1000	-271.599	285.829
336.0000	-272.117	285.865
335.9000	-272.603	285.906
335.8000	-273.072	285.95
335.7000	-273.513	285.99
335.6000	-273.919	286.03
335.5000	-274.289	286.067
335.4000	-274.66	286.107
335.3000	-275.007	286.145
335.2000	-275.297	286.183
335.1000	-275.551	286.225
335.0000	-275.782	286.268
334.9000	-275.992	286.316
334.8000	-276.173	286.361
334.7000	-276.319	286.407
334.6000	-276.434	286.458
334.5000	-276.51	286.509
334.4000	-276.544	286.558
334.3000	-276.545	286.608
334.2000	-276.506	286.659
334.1000	-276.434	286.716
334.0000	-276.333	286.774
333.9000	-276.208	286.834
333.8000	-276.038	286.892
333.7000	-275.802	286.95
333.6000	-275.518	287.007
333.5000	-275.215	287.065
333.4000	-274.902	287.123
333.3000	-274.55	287.183
333.2000	-274.149	287.243
333.1000	-273.676	287.305
333.0000	-273.157	287.369
332.9000	-272.615	287.436
332.8000	-272.015	287.503
332.7000	-271.368	287.572
332.6000	-270.674	287.639
332.5000	-269.935	287.707
332.4000	-269.138	287.773
332.3000	-268.321	287.844
332.2000	-267.5	287.92
332.1000	-266.636	288.002
332.0000	-265.719	288.085
331.9000	-264.755	288.17
331.8000	-263.775	288.256
331.7000	-262.772	288.342
331.6000	-261.749	288.429
331.5000	-260.674	288.519
331.4000	-259.564	288.61
331.3000	-258.413	288.703
331.2000	-257.213	288.797
331.1000	-255.988	288.895
331.0000	-254.723	288.994
330.9000	-253.417	289.1
330.8000	-252.102	289.209
330.7000	-250.739	289.319
330.6000	-249.323	289.43
330.5000	-247.864	289.541
330.4000	-246.376	289.658
330.3000	-244.845	289.779
330.2000	-243.3	289.903
330.1000	-241.712	290.028
330.0000	-240.078	290.155
329.9000	-238.366	290.288
329.8000	-236.634	290.424
329.7000	-234.87	290.567
329.6000	-233.039	290.712
329.5000	-231.159	290.86
329.4000	-229.229	291.014
329.3000	-227.272	291.172
329.2000	-225.313	291.338
329.1000	-223.327	291.506
329.0000	-221.285	291.68
328.9000	-219.183	291.859
328.8000	-217.007	292.039
328.7000	-214.795	292.222
328.6000	-212.545	292.41
328.5000	-210.252	292.603
328.4000	-207.899	292.8
328.3000	-205.5	292.999
328.2000	-203.022	293.203
328.1000	-200.487	293.412
328.0000	-197.902	293.63
327.9000	-195.261	293.857
327.8000	-192.571	294.091
327.7000	-189.823	294.331
327.6000	-187.039	294.579
327.5000	-184.226	294.831
327.4000	-181.334	295.085
327.3000	-178.371	295.348
327.2000	-175.356	295.618
327.1000	-172.311	295.898
327.0000	-169.239	296.185
326.9000	-166.14	296.479
326.8000	-162.982	296.782
326.7000	-159.762	297.094
326.6000	-156.483	297.415
326.5000	-153.195	297.742
326.4000	-149.876	298.076
326.3000	-146.517	298.416
326.2000	-143.119	298.764
326.1000	-139.675	299.118
326.0000	-136.199	299.481
325.9000	-132.702	299.856
325.8000	-129.165	300.238
325.7000	-125.595	300.632
325.6000	-122.022	301.033
325.5000	-118.462	301.444
325.4000	-114.922	301.863
325.3000	-111.391	302.298
325.2000	-107.872	302.742
325.1000	-104.36	303.2
325.0000	-100.859	303.669
324.9000	-97.3737	304.153
324.8000	-93.9395	304.646
324.7000	-90.5518	305.151
324.6000	-87.204	305.667
324.5000	-83.8805	306.195
324.4000	-80.6107	306.735
324.3000	-77.3926	307.29
324.2000	-74.2336	307.861
324.1000	-71.1429	308.447
324.0000	-68.1467	309.051
323.9000	-65.2806	309.669
323.8000	-62.5448	310.301
323.7000	-59.9229	310.95
323.6000	-57.3861	311.616
323.5000	-54.9743	312.301
323.4000	-52.7289	313.001
323.3000	-50.6689	313.719
323.2000	-48.8037	314.452
323.1000	-47.1154	315.203
323.0000	-45.611	315.97
322.9000	-44.3219	316.756
322.8000	-43.2869	317.562
322.7000	-42.5218	318.386
322.6000	-42.0374	319.228
322.5000	-41.8254	320.082
322.4000	-41.8624	320.956
322.3000	-42.1676	321.848
322.2000	-42.7884	322.761
322.1000	-43.6992	323.695
322.0000	-44.9036	324.654
321.9000	-46.4302	325.628
321.8000	-48.2764	326.623
321.7000	-50.4801	327.635
321.6000	-53.0373	328.666
321.5000	-55.9433	329.716
321.4000	-59.2155	330.784
321.3000	-62.8678	331.87
321.2000	-66.8758	332.975
321.1000	-71.2684	334.098
321.0000	-76.0689	335.239
320.9000	-81.26	336.399
320.8000	-86.8992	337.577
320.7000	-92.9488	338.776
320.6000	-99.4011	339.993
320.5000	-106.178	341.232
320.4000	-113.304	342.488
320.3000	-120.799	343.762
320.2000	-128.701	345.053
320.1000	-136.959	346.361
320.0000	-145.585	347.689
319.9000	-154.554	349.038
319.8000	-163.82	350.405
319.7000	-173.411	351.789
319.6000	-183.313	353.195
319.5000	-193.492	354.62
319.4000	-203.902	356.059
319.3000	-214.504	357.519
319.2000	-225.282	358.997
319.1000	-236.268	360.502
319.0000	-247.436	362.025
318.9000	-258.783	363.57
318.8000	-270.225	365.129
318.7000	-281.81	366.706
318.6000	-293.457	368.296
318.5000	-305.2	369.903
318.4000	-317.024	371.524
318.3000	-328.785	373.165
318.2000	-340.526	374.819
318.1000	-352.274	376.492
318.0000	-363.97	378.185
317.9000	-375.616	379.893
317.8000	-387.172	381.614
317.7000	-398.646	383.354
317.6000	-409.869	385.106
317.5000	-420.875	386.868
317.4000	-431.595	388.639
317.3000	-442.082	390.416
317.2000	-452.29	392.206
317.1000	-462.175	394.002
317.0000	-471.747	395.808
316.9000	-480.928	397.622
316.8000	-489.738	399.447
316.7000	-498.27	401.279
316.6000	-506.408	403.113
316.5000	-514.143	404.951
316.4000	-521.519	406.798
316.3000	-528.46	408.654
316.2000	-534.983	410.511
316.1000	-541.109	412.371
316.0000	-546.812	414.236
315.9000	-552.063	416.103
315.8000	-556.851	417.973
315.7000	-561.079	419.842
315.6000	-564.872	421.709
315.5000	-568.231	423.567
315.4000	-571.188	425.421
315.3000	-573.813	427.265
315.2000	-576.117	429.105
315.1000	-577.901	430.938
315.0000	-579.222	432.762
314.9000	-580.212	434.582
314.8000	-580.848	436.395
314.7000	-581.044	438.197
314.6000	-580.941	439.981
314.5000	-580.365	441.754
314.4000	-579.383	443.514
314.3000	-578.052	445.259
314.2000	-576.437	446.993
314.1000	-574.436	448.72
314.0000	-572.105	450.435
313.9000	-569.422	452.142
313.8000	-566.496	453.829
313.7000	-563.43	455.503
313.6000	-560.098	457.159
313.5000	-556.509	458.799
313.4000	-552.705	460.421
313.3000	-548.605	462.025
313.2000	-544.263	463.615
313.1000	-539.824	465.19
313.0000	-535.271	466.742
312.9000	-530.535	468.271
312.8000	-525.615	469.779
312.7000	-520.447	471.266
312.6000	-515.105	472.731
312.5000	-509.811	474.171
312.4000	-504.417	475.588
312.3000	-498.893	476.98
312.2000	-493.138	478.351
312.1000	-487.417	479.701
312.0000	-481.585	481.034
311.9000	-475.515	482.35
311.8000	-469.428	483.644
311.7000	-463.35	484.919
311.6000	-456.991	486.171
311.5000	-450.46	487.393
311.4000	-443.895	488.589
311.3000	-437.295	489.762
311.2000	-430.647	490.92
311.1000	-423.974	492.056
311.0000	-417.333	493.169
310.9000	-410.641	494.26
310.8000	-404.06	495.326
310.7000	-397.546	496.368
310.6000	-391.157	497.387
310.5000	-384.793	498.384
310.4000	-378.431	499.357
310.3000	-372.116	500.315
310.2000	-365.995	501.252
310.1000	-359.883	502.167
310.0000	-353.741	503.06
309.9000	-347.715	503.935
309.8000	-341.471	504.788
309.7000	-335.138	505.62
309.6000	-328.633	506.429
309.5000	-322.166	507.223
309.4000	-315.898	507.997
309.3000	-309.773	508.752
309.2000	-303.816	509.488
309.1000	-297.707	510.209
309.0000	-291.551	510.913
308.9000	-285.488	511.601
308.8000	-279.736	512.268
308.7000	-273.959	512.917
308.6000	-268.316	513.547
308.5000	-262.759	514.164
308.4000	-257.067	514.768
308.3000	-251.367	515.345
308.2000	-246.037	515.91
308.1000	-241.08	516.467
308.0000	-236.203	517.011
307.9000	-231.379	517.543
307.8000	-226.525	518.059
307.7000	-221.849	518.559
307.6000	-217.293	519.05
307.5000	-212.591	519.532
307.4000	-207.746	520.004
307.3000	-203.039	520.463
307.2000	-198.3	520.906
307.1000	-193.645	521.338
307.0000	-188.974	521.762
306.9000	-184.341	522.173
306.8000	-179.713	522.575
306.7000	-175.281	522.963
306.6000	-171.109	523.339
306.5000	-167.051	523.703
306.4000	-163.281	524.058
306.3000	-159.512	524.4
306.2000	-155.932	524.735
306.1000	-152.338	525.059
306.0000	-148.697	525.375
305.9000	-144.98	525.686
305.8000	-141.352	525.986
305.7000	-138.066	526.275
305.6000	-134.855	526.557
305.5000	-131.732	526.829
305.4000	-128.553	527.099
305.3000	-125.473	527.36
305.2000	-122.312	527.619
305.1000	-119.446	527.872
305.0000	-116.619	528.112
304.9000	-113.922	528.355
304.8000	-111.387	528.587
304.7000	-108.649	528.816
304.6000	-105.864	529.039
304.5000	-103.154	529.259
304.4000	-100.487	529.478
304.3000	-97.8061	529.689
304.2000	-95.1927	529.891
304.1000	-92.7015	530.085
304.0000	-90.5027	530.268
303.9000	-88.3167	530.45
303.8000	-86.2841	530.63
303.7000	-84.2481	530.808
303.6000	-82.327	530.979
303.5000	-80.3242	531.145
303.4000	-78.4788	531.299
303.3000	-76.6164	531.456
303.2000	-74.7876	531.608
303.1000	-72.9921	531.759
303.0000	-71.4575	531.914
302.9000	-69.9348	532.061
302.8000	-68.3499	532.203
302.7000	-67.0269	532.344
302.6000	-65.6004	532.48
302.5000	-64.106	532.612
302.4000	-62.4882	532.742
302.3000	-60.7146	532.867
302.2000	-58.9689	532.991
302.1000	-57.4928	533.113
302.0000	-56.0246	533.227
301.9000	-54.5519	533.342
301.8000	-53.2603	533.448
301.7000	-51.9112	533.552
301.6000	-50.5819	533.655
301.5000	-49.2622	533.754
301.4000	-47.7771	533.853
301.3000	-46.531	533.949
301.2000	-45.47	534.04
301.1000	-44.4043	534.126
301.0000	-43.4177	534.205
300.9000	-42.5167	534.288
300.8000	-41.661	534.372
300.7000	-40.972	534.457
300.6000	-40.372	534.547
300.5000	-39.7189	534.632
300.4000	-39.0761	534.71
300.3000	-38.3867	534.786
300.2000	-37.6542	534.859
300.1000	-36.8698	534.928
300.0000	-35.9085	534.997
